0 0 1 116 0 
1 3 1 73 1 
2 3 1 58 1 
3 4 0 65 1 
4 7 1 60 0 
5 8 0 35 0 
6 11 1 28 0 
7 11 1 115 0 
8 11 1 67 1 
9 11 1 40 1 
10 12 1 79 0 
11 6 1 13 1 
12 13 1 105 0 
13 5 0 13 1 
14 7 1 13 1 
15 13 1 54 0 
16 13 1 111 0 
17 13 1 30 0 
18 0 1 13 1 
19 14 0 36 0 
20 15 1 58 1 
21 16 0 47 0 
22 16 0 27 0 
23 18 0 112 0 
24 19 1 78 1 
25 19 1 62 1 
26 20 0 81 0 
27 20 0 125 0 
28 18 0 20 0 
29 21 0 28 0 
30 21 0 75 0 
31 12 1 24 1 
32 24 1 57 0 
33 25 0 83 1 
34 9 1 26 1 
35 26 1 58 1 
36 27 0 74 0 
37 27 0 98 1 
38 28 0 43 0 
39 18 0 28 0 
40 29 1 48 1 
41 29 1 97 0 
42 15 1 55 1 
43 15 1 110 1 
44 10 1 94 0 
45 10 1 15 1 
46 10 1 119 0 
47 7 1 33 1 
48 33 1 52 0 
49 33 1 120 0 
50 33 1 62 1 
51 33 1 72 0 
52 23 0 29 1 
53 29 1 123 0 
54 7 1 130 1 
55 7 1 117 1 
56 34 0 79 0 
57 35 0 41 0 
58 6 1 35 0 
59 11 1 25 0 
60 25 0 115 0 
61 36 0 71 1 
62 36 0 123 0 
63 36 0 41 0 
64 37 0 85 0 
65 39 1 65 1 
66 16 0 40 1 
67 24 1 42 0 
68 43 0 50 0 
69 44 0 94 0 
70 2 1 32 1 
71 47 0 49 0 
72 47 0 80 0 
73 47 0 120 0 
74 47 0 56 1 
75 48 1 100 0 
76 9 1 125 0 
77 49 0 127 1 
78 31 1 49 0 
79 6 1 19 1 
80 50 0 125 0 
81 22 1 51 1 
82 41 0 51 1 
83 44 0 50 0 
84 53 1 69 1 
85 24 1 53 1 
86 19 1 51 1 
87 19 1 35 0 
88 19 1 25 0 
89 19 1 109 0 
90 19 1 46 1 
91 19 1 123 0 
92 19 1 40 1 
93 19 1 34 0 
94 15 1 19 1 
95 12 1 19 1 
96 14 0 19 1 
97 19 1 55 1 
98 7 1 24 1 
99 36 0 42 0 
100 36 0 40 1 
101 36 0 95 1 
102 51 1 72 0 
103 44 0 49 0 
104 34 0 58 1 
105 16 0 20 0 
106 5 0 59 0 
107 59 0 112 0 
108 60 0 91 1 
109 13 1 19 1 
110 13 1 49 0 
111 3 1 56 1 
112 62 1 112 0 
113 14 0 119 0 
114 39 1 63 1 
115 59 0 63 1 
116 39 1 64 0 
117 8 0 113 1 
118 8 0 16 0 
119 4 0 67 1 
120 70 0 75 0 
121 70 0 127 1 
122 71 1 109 0 
123 8 0 72 0 
124 44 0 72 0 
125 10 1 24 1 
126 21 0 50 0 
127 47 0 74 0 
128 43 0 70 0 
129 43 0 115 0 
130 25 0 100 0 
131 2 1 25 0 
132 30 0 74 0 
133 77 0 96 1 
134 65 1 77 0 
135 62 1 122 1 
136 36 0 78 1 
137 28 0 79 0 
138 80 0 124 1 
139 67 1 80 0 
140 54 0 80 0 
141 81 0 93 0 
142 54 0 65 1 
143 79 0 82 1 
144 83 1 115 0 
145 54 0 84 0 
146 20 0 128 0 
147 22 1 50 0 
148 18 0 34 0 
149 27 0 77 0 
150 70 0 85 0 
151 1 1 74 0 
152 21 0 87 0 
153 58 1 87 0 
154 88 1 113 1 
155 35 0 125 0 
156 35 0 106 0 
157 92 1 122 1 
158 85 0 101 1 
159 1 1 15 1 
160 49 0 78 1 
161 5 0 74 0 
162 74 0 106 0 
163 23 0 93 0 
164 82 1 93 0 
165 65 1 87 0 
166 87 0 112 0 
167 35 0 95 1 
168 36 0 73 1 
169 68 1 75 0 
170 12 1 97 0 
171 63 1 85 0 
172 63 1 117 1 
173 1 1 8 0 
174 48 1 101 1 
175 41 0 101 1 
176 70 0 101 1 
177 100 0 116 0 
178 34 0 56 1 
179 5 0 36 0 
180 10 1 112 0 
181 10 1 36 0 
182 20 0 50 0 
183 64 0 116 0 
184 64 0 71 1 
185 67 1 102 1 
186 44 0 103 0 
187 28 0 103 0 
188 66 1 103 0 
189 47 0 103 0 
190 83 1 103 0 
191 69 1 103 0 
192 24 1 103 0 
193 43 0 103 0 
194 24 1 29 1 
195 19 1 102 1 
196 16 0 19 1 
197 19 1 100 0 
198 19 1 106 0 
199 19 1 132 1 
200 19 1 67 1 
201 19 1 107 0 
202 74 0 104 0 
203 68 1 130 1 
204 19 1 49 0 
205 59 0 102 1 
206 59 0 80 0 
207 16 0 59 0 
208 20 0 59 0 
209 59 0 91 1 
210 59 0 118 0 
211 59 0 116 0 
212 67 1 78 1 
213 14 0 106 0 
214 84 0 107 0 
215 18 0 72 0 
216 22 1 29 1 
217 16 0 108 0 
218 1 1 29 1 
219 29 1 56 1 
220 29 1 82 1 
221 15 1 120 0 
222 69 1 110 1 
223 10 1 17 1 
224 103 0 111 0 
225 18 0 131 1 
226 10 1 18 0 
227 18 0 79 0 
228 69 1 70 0 
229 35 0 70 0 
230 16 0 70 0 
231 50 0 96 1 
232 0 1 112 0 
233 11 1 112 0 
234 65 1 112 0 
235 65 1 113 1 
236 50 0 113 1 
237 46 1 98 1 
238 45 0 50 0 
239 45 0 100 0 
240 43 0 45 0 
241 45 0 125 0 
242 48 1 51 1 
243 48 1 87 0 
244 115 0 125 0 
245 70 0 115 0 
246 69 1 115 0 
247 98 1 123 0 
248 27 0 42 0 
249 4 0 44 0 
250 12 1 44 0 
251 0 1 92 1 
252 37 0 63 1 
253 81 0 119 0 
254 50 0 63 1 
255 1 1 87 0 
256 0 1 35 0 
257 57 0 87 0 
258 116 0 118 0 
259 18 0 81 0 
260 1 1 36 0 
261 81 0 109 0 
262 79 0 81 0 
263 63 1 113 1 
264 24 1 39 1 
265 74 0 114 0 
266 84 0 110 1 
267 73 1 84 0 
268 64 0 100 0 
269 83 1 100 0 
270 26 1 97 0 
271 40 1 65 1 
272 37 0 92 1 
273 119 0 129 0 
274 103 0 119 0 
275 22 1 101 1 
276 63 1 88 1 
277 7 1 28 0 
278 27 0 67 1 
279 27 0 59 0 
280 87 0 98 1 
281 77 0 86 1 
282 45 0 109 0 
283 9 1 45 0 
284 66 1 82 1 
285 6 1 21 0 
286 52 0 75 0 
287 36 0 52 0 
288 20 0 87 0 
289 46 1 87 0 
290 18 0 118 0 
291 18 0 94 0 
292 18 0 36 0 
293 18 0 105 0 
294 18 0 37 0 
295 13 1 18 0 
296 18 0 52 0 
297 18 0 66 1 
298 18 0 29 1 
299 18 0 82 1 
300 14 0 18 0 
301 34 0 120 0 
302 0 1 67 1 
303 100 0 113 1 
304 38 0 72 0 
305 12 1 27 0 
306 34 0 106 0 
307 90 1 99 1 
308 86 1 100 0 
309 1 1 58 1 
310 58 1 69 1 
311 37 0 108 0 
312 37 0 42 0 
313 36 0 109 0 
314 59 0 132 1 
315 120 0 123 0 
316 10 1 33 1 
317 8 0 83 1 
318 41 0 128 0 
319 41 0 102 1 
320 41 0 94 0 
321 15 1 100 0 
322 15 1 123 0 
323 39 1 58 1 
324 39 1 50 0 
325 26 1 122 1 
326 38 0 103 0 
327 20 0 106 0 
328 10 1 118 0 
329 18 0 62 1 
330 33 1 57 0 
331 74 0 123 0 
332 14 0 114 0 
333 14 0 85 0 
334 87 0 130 1 
335 87 0 123 0 
336 79 0 130 1 
337 49 0 80 0 
338 11 1 14 0 
339 17 1 63 1 
340 16 0 17 1 
341 75 0 77 0 
342 78 1 93 0 
343 20 0 100 0 
344 90 1 115 0 
345 94 0 115 0 
346 1 1 73 1 
347 115 0 117 1 
348 57 0 115 0 
349 88 1 121 1 
350 24 1 121 1 
351 39 1 121 1 
352 15 1 94 0 
353 15 1 124 1 
354 59 0 123 0 
355 12 1 21 0 
356 79 0 94 0 
357 110 1 124 1 
358 27 0 106 0 
359 50 0 106 0 
360 5 0 102 1 
361 8 0 57 0 
362 66 1 125 0 
363 70 0 125 0 
364 101 1 115 0 
365 38 0 71 1 
366 38 0 57 0 
367 36 0 65 1 
368 65 1 92 1 
369 50 0 87 0 
370 27 0 87 0 
371 81 0 116 0 
372 24 1 116 0 
373 49 0 72 0 
374 16 0 21 0 
375 17 1 40 1 
376 2 1 36 0 
377 38 0 86 1 
378 85 0 112 0 
379 79 0 126 0 
380 79 0 105 0 
381 23 0 79 0 
382 28 0 124 1 
383 46 1 70 0 
384 4 0 70 0 
385 87 0 124 1 
386 62 1 114 0 
387 46 1 108 0 
388 22 1 41 0 
389 38 0 113 1 
390 62 1 99 1 
391 7 1 15 1 
392 63 1 81 0 
393 33 1 127 1 
394 43 0 65 1 
395 35 0 43 0 
396 43 0 106 0 
397 41 0 43 0 
398 43 0 102 1 
399 43 0 61 0 
400 43 0 83 1 
401 43 0 69 1 
402 42 0 43 0 
403 43 0 94 0 
404 43 0 116 0 
405 43 0 100 0 
406 70 0 82 1 
407 72 0 124 1 
408 19 1 71 1 
409 59 0 106 0 
410 87 0 106 0 
411 27 0 100 0 
412 80 0 90 1 
413 80 0 118 0 
414 24 1 113 1 
415 81 0 113 1 
416 32 1 69 1 
417 32 1 115 0 
418 79 0 120 0 
419 79 0 122 1 
420 79 0 96 1 
421 24 1 65 1 
422 24 1 122 1 
423 24 1 123 0 
424 78 1 127 1 
425 66 1 127 1 
426 77 0 127 1 
427 24 1 40 1 
428 30 0 103 0 
429 15 1 30 0 
430 5 0 30 0 
431 104 0 116 0 
432 3 1 57 0 
433 38 0 100 0 
434 38 0 114 0 
435 38 0 67 1 
436 25 0 41 0 
437 41 0 77 0 
438 41 0 44 0 
439 41 0 125 0 
440 41 0 124 1 
441 41 0 98 1 
442 41 0 82 1 
443 30 0 41 0 
444 41 0 100 0 
445 16 0 41 0 
446 41 0 56 1 
447 0 1 41 0 
448 107 0 112 0 
449 20 0 27 0 
450 80 0 103 0 
451 1 1 27 0 
452 42 0 108 0 
453 67 1 108 0 
454 67 1 82 1 
455 82 1 103 0 
456 111 0 123 0 
457 11 1 42 0 
458 11 1 59 0 
459 11 1 125 0 
460 11 1 130 1 
461 11 1 16 0 
462 11 1 55 1 
463 11 1 85 0 
464 67 1 94 0 
465 35 0 111 0 
466 41 0 84 0 
467 70 0 84 0 
468 18 0 115 0 
469 18 0 100 0 
470 69 1 117 1 
471 70 0 117 1 
472 52 0 117 1 
473 45 0 99 1 
474 80 0 113 1 
475 19 1 70 0 
476 6 1 98 1 
477 45 0 123 0 
478 39 1 87 0 
479 39 1 100 0 
480 39 1 86 1 
481 22 1 125 0 
482 57 0 93 0 
483 57 0 103 0 
484 106 0 120 0 
485 12 1 38 0 
486 12 1 75 0 
487 5 0 12 1 
488 12 1 65 1 
489 12 1 30 0 
490 12 1 62 1 
491 12 1 100 0 
492 21 0 54 0 
493 44 0 54 0 
494 54 0 75 0 
495 3 1 18 0 
496 30 0 129 0 
497 65 1 72 0 
498 106 0 125 0 
499 61 0 102 1 
500 46 1 114 0 
501 59 0 114 0 
502 106 0 114 0 
503 83 1 86 1 
504 86 1 103 0 
505 19 1 115 0 
506 16 0 115 0 
507 56 1 115 0 
508 26 1 83 1 
509 26 1 43 0 
510 26 1 79 0 
511 13 1 52 0 
512 52 0 68 1 
513 52 0 126 0 
514 52 0 70 0 
515 52 0 83 1 
516 40 1 52 0 
517 3 1 52 0 
518 52 0 120 0 
519 52 0 69 1 
520 0 1 52 0 
521 52 0 127 1 
522 100 0 108 0 
523 100 0 114 0 
524 90 1 103 0 
525 38 0 106 0 
526 85 0 97 0 
527 39 1 116 0 
528 116 0 117 1 
529 95 1 116 0 
530 31 1 116 0 
531 9 1 116 0 
532 10 1 116 0 
533 74 0 116 0 
534 69 1 116 0 
535 18 0 116 0 
536 73 1 116 0 
537 12 1 69 1 
538 16 0 57 0 
539 16 0 96 1 
540 10 1 16 0 
541 30 0 38 0 
542 30 0 119 0 
543 30 0 80 0 
544 34 0 64 0 
545 67 1 91 1 
546 65 1 80 0 
547 1 1 43 0 
548 13 1 81 0 
549 81 0 97 0 
550 81 0 126 0 
551 6 1 81 0 
552 81 0 102 1 
553 81 0 115 0 
554 81 0 124 1 
555 50 0 81 0 
556 12 1 81 0 
557 65 1 81 0 
558 69 1 81 0 
559 58 1 90 1 
560 79 0 95 1 
561 10 1 19 1 
562 61 0 98 1 
563 0 1 18 0 
564 75 0 129 0 
565 0 1 98 1 
566 48 1 80 0 
567 51 1 80 0 
568 20 0 80 0 
569 22 1 80 0 
570 80 0 85 0 
571 80 0 95 1 
572 4 0 80 0 
573 6 1 80 0 
574 0 1 80 0 
575 36 0 80 0 
576 56 1 92 1 
577 83 1 92 1 
578 34 0 118 0 
579 49 0 118 0 
580 33 1 118 0 
581 71 1 111 0 
582 63 1 116 0 
583 21 0 24 1 
584 35 0 42 0 
585 54 0 74 0 
586 60 0 82 1 
587 103 0 115 0 
588 102 1 128 0 
589 8 0 90 1 
590 19 1 112 0 
591 36 0 108 0 
592 43 0 128 0 
593 31 1 52 0 
594 15 1 45 0 
595 69 1 122 1 
596 9 1 94 0 
597 9 1 112 0 
598 41 0 59 0 
599 16 0 74 0 
600 74 0 113 1 
601 18 0 74 0 
602 74 0 103 0 
603 34 0 74 0 
604 74 0 100 0 
605 14 0 74 0 
606 67 1 74 0 
607 30 0 57 0 
608 40 1 57 0 
609 16 0 126 0 
610 12 1 59 0 
611 59 0 68 1 
612 42 0 59 0 
613 9 1 59 0 
614 59 0 113 1 
615 59 0 125 0 
616 59 0 95 1 
617 51 1 59 0 
618 54 0 59 0 
619 24 1 59 0 
620 59 0 86 1 
621 122 1 123 0 
622 57 0 117 1 
623 57 0 99 1 
624 45 0 57 0 
625 57 0 82 1 
626 57 0 122 1 
627 17 1 22 1 
628 14 0 50 0 
629 87 0 96 1 
630 28 0 87 0 
631 45 0 87 0 
632 87 0 116 0 
633 79 0 119 0 
634 3 1 116 0 
635 60 0 130 1 
636 38 0 60 0 
637 50 0 102 1 
638 50 0 101 1 
639 34 0 50 0 
640 50 0 116 0 
641 62 1 105 0 
642 72 0 105 0 
643 12 1 72 0 
644 44 0 53 1 
645 70 0 94 0 
646 67 1 116 0 
647 95 1 125 0 
648 44 0 110 1 
649 46 1 117 1 
650 117 1 124 1 
651 13 1 51 1 
652 67 1 101 1 
653 75 0 101 1 
654 101 1 103 0 
655 101 1 104 0 
656 87 0 101 1 
657 21 0 101 1 
658 44 0 101 1 
659 100 0 101 1 
660 101 1 122 1 
661 28 0 85 0 
662 56 1 126 0 
663 52 0 109 0 
664 24 1 69 1 
665 27 0 94 0 
666 92 1 95 1 
667 92 1 119 0 
668 21 0 124 1 
669 124 1 125 0 
670 24 1 32 1 
671 16 0 24 1 
672 24 1 60 0 
673 24 1 64 0 
674 24 1 114 0 
675 24 1 94 0 
676 13 1 92 1 
677 77 0 84 0 
678 5 0 80 0 
679 5 0 65 1 
680 79 0 85 0 
681 125 0 128 0 
682 8 0 128 0 
683 28 0 114 0 
684 28 0 62 1 
685 8 0 46 1 
686 4 0 129 0 
687 45 0 70 0 
688 74 0 119 0 
689 44 0 59 0 
690 5 0 119 0 
691 5 0 132 1 
692 21 0 36 0 
693 7 1 57 0 
694 42 0 57 0 
695 57 0 105 0 
696 57 0 102 1 
697 57 0 120 0 
698 10 1 57 0 
699 57 0 118 0 
700 20 0 101 1 
701 4 0 76 0 
702 8 0 97 0 
703 7 1 118 0 
704 114 0 128 0 
705 18 0 114 0 
706 23 0 81 0 
707 52 0 59 0 
708 60 0 79 0 
709 56 1 90 1 
710 9 1 17 1 
711 83 1 96 1 
712 1 1 45 0 
713 28 0 45 0 
714 12 1 40 1 
715 40 1 69 1 
716 8 0 37 0 
717 40 1 131 1 
718 22 1 131 1 
719 64 0 108 0 
720 108 0 119 0 
721 5 0 117 1 
722 19 1 117 1 
723 39 1 96 1 
724 40 1 113 1 
725 51 1 77 0 
726 14 0 37 0 
727 14 0 65 1 
728 14 0 73 1 
729 0 1 14 0 
730 14 0 80 0 
731 32 1 59 0 
732 38 0 59 0 
733 45 0 94 0 
734 51 1 96 1 
735 51 1 124 1 
736 80 0 107 0 
737 23 0 105 0 
738 15 1 46 1 
739 29 1 52 0 
740 52 0 77 0 
741 52 0 82 1 
742 7 1 52 0 
743 41 0 52 0 
744 52 0 122 1 
745 52 0 91 1 
746 52 0 111 0 
747 46 1 62 1 
748 36 0 62 1 
749 79 0 125 0 
750 91 1 121 1 
751 67 1 121 1 
752 2 1 97 0 
753 2 1 41 0 
754 2 1 89 1 
755 2 1 59 0 
756 2 1 114 0 
757 2 1 103 0 
758 2 1 123 0 
759 2 1 90 1 
760 28 0 118 0 
761 42 0 44 0 
762 44 0 119 0 
763 112 0 124 1 
764 30 0 63 1 
765 22 1 102 1 
766 0 1 132 1 
767 0 1 109 0 
768 70 0 102 1 
769 38 0 70 0 
770 26 1 75 0 
771 16 0 103 0 
772 103 0 125 0 
773 97 0 103 0 
774 103 0 123 0 
775 87 0 125 0 
776 94 0 110 1 
777 52 0 110 1 
778 88 1 110 1 
779 110 1 119 0 
780 30 0 36 0 
781 21 0 44 0 
782 44 0 112 0 
783 20 0 132 1 
784 26 1 41 0 
785 41 0 85 0 
786 57 0 77 0 
787 100 0 115 0 
788 56 1 60 0 
789 56 1 77 0 
790 5 0 56 1 
791 56 1 71 1 
792 56 1 86 1 
793 56 1 62 1 
794 9 1 74 0 
795 9 1 130 1 
796 119 0 125 0 
797 23 0 125 0 
798 51 1 125 0 
799 33 1 125 0 
800 116 0 125 0 
801 50 0 67 1 
802 50 0 115 0 
803 46 1 122 1 
804 7 1 46 1 
805 13 1 21 0 
806 13 1 125 0 
807 29 1 125 0 
808 23 0 27 0 
809 27 0 85 0 
810 74 0 94 0 
811 79 0 92 1 
812 62 1 79 0 
813 67 1 71 1 
814 98 1 127 1 
815 6 1 130 1 
816 34 0 82 1 
817 24 1 43 0 
818 24 1 41 0 
819 22 1 28 0 
820 37 0 88 1 
821 24 1 78 1 
822 3 1 131 1 
823 9 1 44 0 
824 44 0 88 1 
825 39 1 71 1 
826 63 1 65 1 
827 63 1 130 1 
828 50 0 99 1 
829 50 0 114 0 
830 33 1 132 1 
831 106 0 118 0 
832 28 0 122 1 
833 36 0 111 0 
834 70 0 111 0 
835 41 0 79 0 
836 31 1 102 1 
837 44 0 102 1 
838 1 1 10 1 
839 1 1 44 0 
840 1 1 9 1 
841 1 1 18 0 
842 69 1 83 1 
843 24 1 83 1 
844 67 1 83 1 
845 42 0 132 1 
846 57 0 132 1 
847 34 0 132 1 
848 70 0 132 1 
849 56 1 132 1 
850 27 0 132 1 
851 58 1 132 1 
852 62 1 132 1 
853 39 1 117 1 
854 7 1 69 1 
855 69 1 128 0 
856 1 1 69 1 
857 11 1 69 1 
858 45 0 69 1 
859 69 1 92 1 
860 2 1 69 1 
861 69 1 123 0 
862 16 0 112 0 
863 41 0 74 0 
864 14 0 123 0 
865 14 0 120 0 
866 6 1 110 1 
867 24 1 124 1 
868 24 1 80 0 
869 18 0 23 0 
870 36 0 113 1 
871 36 0 117 1 
872 6 1 34 0 
873 32 1 92 1 
874 8 0 92 1 
875 6 1 92 1 
876 87 0 92 1 
877 90 1 92 1 
878 92 1 116 0 
879 91 1 92 1 
880 86 1 92 1 
881 30 0 92 1 
882 0 1 34 0 
883 115 0 130 1 
884 72 0 115 0 
885 115 0 123 0 
886 93 0 124 1 
887 42 0 102 1 
888 6 1 64 0 
889 27 0 133 1 
890 7 1 113 1 
891 68 1 82 1 
892 76 0 82 1 
893 12 1 82 1 
894 82 1 97 0 
895 82 1 116 0 
896 5 0 82 1 
897 28 0 82 1 
898 53 1 82 1 
899 64 0 82 1 
900 8 0 82 1 
901 46 1 82 1 
902 80 0 101 1 
903 29 1 59 0 
904 70 0 110 1 
905 100 0 126 0 
906 2 1 82 1 
907 14 0 62 1 
908 96 1 112 0 
909 83 1 112 0 
910 50 0 112 0 
911 124 1 129 0 
912 10 1 39 1 
913 18 0 65 1 
914 19 1 65 1 
915 10 1 65 1 
916 100 0 120 0 
917 96 1 120 0 
918 94 0 120 0 
919 16 0 120 0 
920 31 1 120 0 
921 88 1 120 0 
922 65 1 120 0 
923 31 1 72 0 
924 25 0 35 0 
925 25 0 75 0 
926 25 0 45 0 
927 25 0 34 0 
928 2 1 109 0 
929 36 0 45 0 
930 45 0 67 1 
931 67 1 124 1 
932 67 1 100 0 
933 28 0 44 0 
934 38 0 47 0 
935 21 0 123 0 
936 69 1 93 0 
937 16 0 34 0 
938 67 1 72 0 
939 15 1 86 1 
940 15 1 116 0 
941 40 1 96 1 
942 96 1 110 1 
943 34 0 52 0 
944 34 0 128 0 
945 34 0 84 0 
946 34 0 69 1 
947 10 1 34 0 
948 23 0 34 0 
949 34 0 99 1 
950 34 0 62 1 
951 34 0 90 1 
952 4 0 34 0 
953 87 0 94 0 
954 58 1 73 1 
955 38 0 64 0 
956 87 0 115 0 
957 14 0 34 0 
958 43 0 81 0 
959 13 1 43 0 
960 30 0 43 0 
961 10 1 11 1 
962 26 1 87 0 
963 15 1 20 0 
964 32 1 112 0 
965 73 1 110 1 
966 42 0 124 1 
967 68 1 98 1 
968 86 1 90 1 
969 86 1 99 1 
970 67 1 127 1 
971 12 1 57 0 
972 54 0 129 0 
973 18 0 54 0 
974 39 1 122 1 
975 125 0 126 0 
976 36 0 94 0 
977 22 1 59 0 
978 22 1 77 0 
979 22 1 47 0 
980 69 1 114 0 
981 101 1 119 0 
982 90 1 132 1 
983 45 0 80 0 
984 96 1 102 1 
985 56 1 131 1 
986 35 0 79 0 
987 27 0 103 0 
988 22 1 96 1 
989 96 1 100 0 
990 84 0 96 1 
991 71 1 82 1 
992 20 0 79 0 
993 47 0 108 0 
994 2 1 107 0 
995 59 0 107 0 
996 34 0 80 0 
997 100 0 112 0 
998 104 0 124 1 
999 16 0 90 1 
1000 2 1 118 0 
1001 62 1 67 1 
1002 10 1 37 0 
1003 16 0 50 0 
1004 117 1 131 1 
1005 24 1 117 1 
1006 9 1 113 1 
1007 92 1 113 1 
1008 45 0 52 0 
1009 77 0 118 0 
1010 10 1 43 0 
1011 40 1 43 0 
1012 126 0 128 0 
1013 98 1 116 0 
1014 16 0 69 1 
1015 52 0 67 1 
1016 33 1 100 0 
1017 99 1 122 1 
1018 9 1 56 1 
1019 90 1 124 1 
1020 97 0 123 0 
1021 24 1 127 1 
1022 16 0 124 1 
1023 36 0 124 1 
1024 58 1 124 1 
1025 47 0 124 1 
1026 53 1 67 1 
1027 100 0 123 0 
1028 26 1 27 0 
1029 61 0 109 0 
1030 13 1 61 0 
1031 38 0 61 0 
1032 44 0 69 1 
1033 23 0 108 0 
1034 27 0 116 0 
1035 31 1 78 1 
1036 78 1 87 0 
1037 10 1 25 0 
1038 38 0 42 0 
1039 59 0 100 0 
1040 59 0 98 1 
1041 58 1 119 0 
1042 5 0 95 1 
1043 71 1 127 1 
1044 75 0 127 1 
1045 28 0 127 1 
1046 90 1 94 0 
1047 91 1 122 1 
1048 13 1 91 1 
1049 48 1 128 0 
1050 8 0 56 1 
1051 2 1 45 0 
1052 12 1 63 1 
1053 26 1 64 0 
1054 36 0 64 0 
1055 71 1 85 0 
1056 13 1 101 1 
1057 14 0 15 1 
1058 14 0 46 1 
1059 33 1 54 0 
1060 31 1 98 1 
1061 7 1 55 1 
1062 7 1 34 0 
1063 7 1 18 0 
1064 7 1 123 0 
1065 50 0 90 1 
1066 39 1 114 0 
1067 69 1 80 0 
1068 69 1 102 1 
1069 73 1 112 0 
1070 100 0 132 1 
1071 51 1 107 0 
1072 43 0 123 0 
1073 68 1 89 1 
1074 68 1 90 1 
1075 62 1 87 0 
1076 50 0 70 0 
1077 20 0 97 0 
1078 29 1 98 1 
1079 56 1 98 1 
1080 119 0 121 1 
1081 72 0 74 0 
1082 18 0 87 0 
1083 54 0 87 0 
1084 87 0 114 0 
1085 61 0 87 0 
1086 39 1 112 0 
1087 8 0 125 0 
1088 8 0 45 0 
1089 53 1 71 1 
1090 77 0 109 0 
1091 70 0 109 0 
1092 98 1 115 0 
1093 107 0 113 1 
1094 16 0 71 1 
1095 72 0 97 0 
1096 18 0 40 1 
1097 3 1 126 0 
1098 33 1 78 1 
1099 24 1 63 1 
1100 79 0 127 1 
1101 119 0 123 0 
1102 83 1 122 1 
1103 71 1 123 0 
1104 96 1 124 1 
1105 92 1 124 1 
1106 107 0 124 1 
1107 8 0 12 1 
1108 12 1 130 1 
1109 29 1 101 1 
1110 7 1 125 0 
1111 20 0 112 0 
1112 16 0 116 0 
1113 36 0 57 0 
1114 21 0 76 0 
1115 21 0 57 0 
1116 14 0 21 0 
1117 21 0 92 1 
1118 114 0 129 0 
1119 84 0 117 1 
1120 85 0 95 1 
1121 4 0 95 1 
1122 69 1 95 1 
1123 95 1 97 0 
1124 42 0 95 1 
1125 95 1 108 0 
1126 54 0 95 1 
1127 64 0 95 1 
1128 21 0 60 0 
1129 21 0 42 0 
1130 21 0 77 0 
1131 21 0 67 1 
1132 21 0 64 0 
1133 21 0 71 1 
1134 69 1 72 0 
1135 19 1 28 0 
1136 23 0 123 0 
1137 40 1 74 0 
1138 67 1 81 0 
1139 22 1 40 1 
1140 50 0 124 1 
1141 82 1 130 1 
1142 51 1 57 0 
1143 18 0 107 0 
1144 124 1 130 1 
1145 56 1 65 1 
1146 112 0 115 0 
1147 59 0 111 0 
1148 0 1 40 1 
1149 38 0 94 0 
1150 38 0 73 1 
1151 16 0 18 0 
1152 16 0 30 0 
1153 4 0 16 0 
1154 52 0 54 0 
1155 87 0 120 0 
1156 41 0 66 1 
1157 41 0 87 0 
1158 41 0 50 0 
1159 56 1 118 0 
1160 65 1 118 0 
1161 31 1 96 1 
1162 18 0 120 0 
1163 61 0 120 0 
1164 18 0 78 1 
1165 67 1 112 0 
1166 66 1 112 0 
1167 112 0 127 1 
1168 112 0 129 0 
1169 47 0 112 0 
1170 91 1 112 0 
1171 71 1 112 0 
1172 112 0 120 0 
1173 23 0 112 0 
1174 56 1 112 0 
1175 59 0 97 0 
1176 36 0 59 0 
1177 6 1 59 0 
1178 1 1 59 0 
1179 59 0 72 0 
1180 59 0 74 0 
1181 59 0 93 0 
1182 59 0 85 0 
1183 6 1 16 0 
1184 6 1 50 0 
1185 20 0 119 0 
1186 13 1 85 0 
1187 0 1 85 0 
1188 85 0 126 0 
1189 28 0 117 1 
1190 112 0 117 1 
1191 113 1 117 1 
1192 0 1 117 1 
1193 11 1 43 0 
1194 42 0 120 0 
1195 75 0 110 1 
1196 59 0 109 0 
1197 34 0 121 1 
1198 98 1 126 0 
1199 78 1 98 1 
1200 5 0 69 1 
1201 5 0 110 1 
1202 16 0 36 0 
1203 46 1 102 1 
1204 29 1 102 1 
1205 19 1 32 1 
1206 19 1 24 1 
1207 40 1 93 0 
1208 82 1 117 1 
1209 20 0 117 1 
1210 9 1 117 1 
1211 10 1 117 1 
1212 59 0 117 1 
1213 114 0 117 1 
1214 93 0 117 1 
1215 43 0 113 1 
1216 21 0 83 1 
1217 72 0 85 0 
1218 5 0 18 0 
1219 5 0 20 0 
1220 34 0 35 0 
1221 122 1 132 1 
1222 103 0 128 0 
1223 8 0 103 0 
1224 31 1 39 1 
1225 39 1 94 0 
1226 37 0 39 1 
1227 39 1 105 0 
1228 39 1 113 1 
1229 39 1 126 0 
1230 39 1 92 1 
1231 39 1 98 1 
1232 23 0 103 0 
1233 58 1 71 1 
1234 115 0 124 1 
1235 52 0 103 0 
1236 78 1 102 1 
1237 46 1 90 1 
1238 4 0 92 1 
1239 4 0 108 0 
1240 4 0 112 0 
1241 33 1 49 0 
1242 97 0 130 1 
1243 79 0 97 0 
1244 50 0 97 0 
1245 8 0 100 0 
1246 8 0 106 0 
1247 5 0 94 0 
1248 21 0 93 0 
1249 39 1 69 1 
1250 24 1 81 0 
1251 24 1 112 0 
1252 8 0 14 0 
1253 8 0 31 1 
1254 82 1 125 0 
1255 86 1 102 1 
1256 19 1 58 1 
1257 19 1 95 1 
1258 74 0 82 1 
1259 10 1 115 0 
1260 10 1 80 0 
1261 14 0 33 1 
1262 19 1 59 0 
1263 55 1 117 1 
1264 74 0 90 1 
1265 7 1 67 1 
1266 102 1 113 1 
1267 113 1 128 0 
1268 42 0 113 1 
1269 28 0 113 1 
1270 33 1 113 1 
1271 113 1 120 0 
1272 44 0 113 1 
1273 106 0 113 1 
1274 99 1 113 1 
1275 113 1 122 1 
1276 62 1 113 1 
1277 4 0 25 0 
1278 4 0 85 0 
1279 4 0 75 0 
1280 118 0 127 1 
1281 71 1 125 0 
1282 35 0 96 1 
1283 59 0 103 0 
1284 13 1 103 0 
1285 31 1 103 0 
1286 37 0 103 0 
1287 103 0 121 1 
1288 39 1 60 0 
1289 77 0 87 0 
1290 59 0 66 1 
1291 59 0 84 0 
1292 59 0 128 0 
1293 23 0 59 0 
1294 59 0 69 1 
1295 80 0 84 0 
1296 5 0 84 0 
1297 6 1 57 0 
1298 57 0 124 1 
1299 48 1 57 0 
1300 57 0 84 0 
1301 47 0 57 0 
1302 54 0 57 0 
1303 53 1 57 0 
1304 57 0 64 0 
1305 57 0 114 0 
1306 57 0 58 1 
1307 57 0 119 0 
1308 25 0 57 0 
1309 20 0 34 0 
1310 26 1 67 1 
1311 11 1 63 1 
1312 42 0 50 0 
1313 1 1 84 0 
1314 30 0 111 0 
1315 26 1 77 0 
1316 73 1 77 0 
1317 63 1 77 0 
1318 45 0 77 0 
1319 4 0 125 0 
1320 16 0 42 0 
1321 25 0 42 0 
1322 35 0 57 0 
1323 56 1 124 1 
1324 10 1 13 1 
1325 18 0 50 0 
1326 18 0 124 1 
1327 18 0 85 0 
1328 18 0 129 0 
1329 11 1 33 1 
1330 23 0 82 1 
1331 52 0 85 0 
1332 35 0 118 0 
1333 35 0 127 1 
1334 32 1 125 0 
1335 32 1 131 1 
1336 128 0 129 0 
1337 119 0 128 0 
1338 84 0 128 0 
1339 90 1 128 0 
1340 51 1 127 1 
1341 127 1 128 0 
1342 90 1 118 0 
1343 31 1 90 1 
1344 69 1 108 0 
1345 108 0 113 1 
1346 8 0 108 0 
1347 21 0 108 0 
1348 61 0 84 0 
1349 61 0 128 0 
1350 41 0 61 0 
1351 61 0 90 1 
1352 61 0 95 1 
1353 61 0 70 0 
1354 25 0 61 0 
1355 59 0 87 0 
1356 18 0 53 1 
1357 46 1 77 0 
1358 85 0 127 1 
1359 116 0 127 1 
1360 19 1 125 0 
1361 117 1 119 0 
1362 95 1 119 0 
1363 41 0 119 0 
1364 119 0 124 1 
1365 38 0 119 0 
1366 118 0 119 0 
1367 15 1 119 0 
1368 5 0 101 1 
1369 63 1 75 0 
1370 83 1 129 0 
1371 0 1 45 0 
1372 60 0 123 0 
1373 63 1 123 0 
1374 17 1 123 0 
1375 65 1 123 0 
1376 114 0 123 0 
1377 90 1 123 0 
1378 85 0 123 0 
1379 46 1 59 0 
1380 56 1 117 1 
1381 8 0 44 0 
1382 9 1 72 0 
1383 72 0 132 1 
1384 72 0 87 0 
1385 1 1 100 0 
1386 71 1 100 0 
1387 10 1 95 1 
1388 37 0 76 0 
1389 20 0 48 1 
1390 108 0 120 0 
1391 90 1 130 1 
1392 56 1 63 1 
1393 28 0 115 0 
1394 94 0 114 0 
1395 52 0 125 0 
1396 25 0 52 0 
1397 52 0 62 1 
1398 44 0 52 0 
1399 65 1 67 1 
1400 70 0 104 0 
1401 36 0 82 1 
1402 14 0 27 0 
1403 22 1 87 0 
1404 22 1 94 0 
1405 63 1 83 1 
1406 59 0 67 1 
1407 28 0 59 0 
1408 59 0 124 1 
1409 46 1 129 0 
1410 60 0 70 0 
1411 39 1 70 0 
1412 28 0 70 0 
1413 70 0 72 0 
1414 23 0 70 0 
1415 70 0 74 0 
1416 24 1 70 0 
1417 0 1 71 1 
1418 18 0 57 0 
1419 40 1 44 0 
1420 25 0 94 0 
1421 72 0 94 0 
1422 0 1 110 1 
1423 0 1 42 0 
1424 0 1 46 1 
1425 98 1 119 0 
1426 22 1 129 0 
1427 103 0 116 0 
1428 46 1 116 0 
1429 2 1 29 1 
1430 35 0 66 1 
1431 35 0 71 1 
1432 94 0 123 0 
1433 84 0 123 0 
1434 7 1 124 1 
1435 28 0 50 0 
1436 8 0 109 0 
1437 25 0 38 0 
1438 21 0 45 0 
1439 24 1 109 0 
1440 57 0 109 0 
1441 8 0 20 0 
1442 32 1 51 1 
1443 1 1 128 0 
1444 7 1 36 0 
1445 107 0 110 1 
1446 58 1 70 0 
1447 5 0 116 0 
1448 27 0 124 1 
1449 21 0 27 0 
1450 13 1 36 0 
1451 24 1 84 0 
1452 107 0 116 0 
1453 8 0 55 1 
1454 54 0 100 0 
1455 87 0 97 0 
1456 70 0 92 1 
1457 92 1 103 0 
1458 92 1 121 1 
1459 17 1 56 1 
1460 83 1 93 0 
1461 5 0 118 0 
1462 87 0 119 0 
1463 26 1 119 0 
1464 118 0 130 1 
1465 72 0 86 1 
1466 5 0 86 1 
1467 9 1 70 0 
1468 15 1 103 0 
1469 15 1 39 1 
1470 109 0 132 1 
1471 106 0 112 0 
1472 65 1 106 0 
1473 38 0 74 0 
1474 90 1 125 0 
1475 47 0 90 1 
1476 59 0 94 0 
1477 94 0 122 1 
1478 21 0 100 0 
1479 97 0 113 1 
1480 61 0 124 1 
1481 29 1 66 1 
1482 19 1 29 1 
1483 23 0 50 0 
1484 43 0 91 1 
1485 75 0 84 0 
1486 49 0 75 0 
1487 33 1 75 0 
1488 75 0 120 0 
1489 72 0 75 0 
1490 75 0 107 0 
1491 44 0 100 0 
1492 10 1 67 1 
1493 30 0 115 0 
1494 30 0 107 0 
1495 78 1 125 0 
1496 36 0 100 0 
1497 13 1 65 1 
1498 20 0 124 1 
1499 8 0 130 1 
1500 113 1 130 1 
1501 13 1 130 1 
1502 25 0 44 0 
1503 47 0 62 1 
1504 62 1 92 1 
1505 62 1 119 0 
1506 54 0 104 0 
1507 75 0 90 1 
1508 8 0 28 0 
1509 28 0 34 0 
1510 94 0 106 0 
1511 94 0 116 0 
1512 77 0 94 0 
1513 25 0 29 1 
1514 3 1 67 1 
1515 106 0 107 0 
1516 21 0 109 0 
1517 21 0 117 1 
1518 33 1 86 1 
1519 1 1 86 1 
1520 37 0 45 0 
1521 30 0 59 0 
1522 30 0 33 1 
1523 33 1 106 0 
1524 50 0 79 0 
1525 79 0 90 1 
1526 36 0 37 0 
1527 18 0 21 0 
1528 21 0 120 0 
1529 21 0 86 1 
1530 21 0 65 1 
1531 16 0 98 1 
1532 64 0 118 0 
1533 10 1 101 1 
1534 27 0 117 1 
1535 57 0 71 1 
1536 93 0 103 0 
1537 12 1 86 1 
1538 5 0 105 0 
1539 24 1 85 0 
1540 29 1 46 1 
1541 12 1 127 1 
1542 12 1 42 0 
1543 12 1 56 1 
1544 12 1 71 1 
1545 21 0 70 0 
1546 37 0 112 0 
1547 2 1 112 0 
1548 108 0 127 1 
1549 10 1 55 1 
1550 1 1 55 1 
1551 55 1 82 1 
1552 59 0 90 1 
1553 90 1 109 0 
1554 7 1 90 1 
1555 71 1 90 1 
1556 83 1 90 1 
1557 44 0 90 1 
1558 85 0 130 1 
1559 44 0 61 0 
1560 61 0 100 0 
1561 29 1 73 1 
1562 20 0 61 0 
1563 52 0 61 0 
1564 61 0 112 0 
1565 4 0 106 0 
1566 36 0 119 0 
1567 100 0 119 0 
1568 59 0 81 0 
1569 39 1 130 1 
1570 6 1 32 1 
1571 47 0 92 1 
1572 9 1 33 1 
1573 109 0 112 0 
1574 54 0 85 0 
1575 9 1 10 1 
1576 43 0 122 1 
1577 41 0 57 0 
1578 9 1 57 0 
1579 56 1 57 0 
1580 14 0 57 0 
1581 9 1 115 0 
1582 125 0 131 1 
1583 25 0 125 0 
1584 4 0 59 0 
1585 49 0 97 0 
1586 17 1 29 1 
1587 17 1 117 1 
1588 44 0 87 0 
1589 34 0 40 1 
1590 11 1 83 1 
1591 28 0 75 0 
1592 49 0 123 0 
1593 49 0 117 1 
1594 8 0 107 0 
1595 41 0 112 0 
1596 112 0 128 0 
1597 13 1 112 0 
1598 5 0 112 0 
1599 58 1 112 0 
1600 14 0 112 0 
1601 29 1 43 0 
1602 41 0 70 0 
1603 113 1 132 1 
1604 75 0 94 0 
1605 46 1 132 1 
1606 3 1 15 1 
1607 15 1 83 1 
1608 6 1 28 0 
1609 19 1 56 1 
1610 81 0 114 0 
1611 8 0 77 0 
1612 58 1 122 1 
1613 43 0 117 1 
1614 26 1 107 0 
1615 48 1 125 0 
1616 20 0 116 0 
1617 9 1 106 0 
1618 66 1 98 1 
1619 10 1 66 1 
1620 67 1 129 0 
1621 18 0 67 1 
1622 113 1 116 0 
1623 9 1 67 1 
1624 1 1 95 1 
1625 73 1 83 1 
1626 35 0 60 0 
1627 35 0 116 0 
1628 22 1 32 1 
1629 71 1 87 0 
1630 34 0 111 0 
1631 0 1 129 0 
1632 71 1 98 1 
1633 42 0 46 1 
1634 40 1 42 0 
1635 86 1 122 1 
1636 41 0 117 1 
1637 18 0 97 0 
1638 17 1 97 0 
1639 97 0 111 0 
1640 56 1 97 0 
1641 70 0 97 0 
1642 97 0 116 0 
1643 56 1 81 0 
1644 20 0 67 1 
1645 20 0 24 1 
1646 20 0 42 0 
1647 20 0 86 1 
1648 20 0 90 1 
1649 20 0 30 0 
1650 39 1 79 0 
1651 39 1 125 0 
1652 0 1 126 0 
1653 14 0 88 1 
1654 14 0 116 0 
1655 15 1 63 1 
1656 15 1 69 1 
1657 67 1 111 0 
1658 21 0 131 1 
1659 19 1 124 1 
1660 61 0 81 0 
1661 22 1 34 0 
1662 16 0 52 0 
1663 64 0 115 0 
1664 58 1 62 1 
1665 41 0 115 0 
1666 36 0 46 1 
1667 33 1 82 1 
1668 9 1 122 1 
1669 16 0 118 0 
1670 6 1 7 1 
1671 6 1 8 0 
1672 16 0 92 1 
1673 52 0 81 0 
1674 81 0 84 0 
1675 25 0 108 0 
1676 25 0 37 0 
1677 75 0 128 0 
1678 16 0 128 0 
1679 44 0 77 0 
1680 14 0 86 1 
1681 47 0 59 0 
1682 60 0 126 0 
1683 3 1 124 1 
1684 5 0 8 0 
1685 8 0 59 0 
1686 123 0 128 0 
1687 11 1 117 1 
1688 95 1 107 0 
1689 25 0 63 1 
1690 7 1 29 1 
1691 5 0 103 0 
1692 20 0 107 0 
1693 73 1 96 1 
1694 46 1 73 1 
1695 72 0 73 1 
1696 20 0 56 1 
1697 56 1 120 0 
1698 45 0 71 1 
1699 75 0 117 1 
1700 35 0 124 1 
1701 86 1 97 0 
1702 54 0 128 0 
1703 33 1 77 0 
1704 67 1 132 1 
1705 84 0 126 0 
1706 112 0 126 0 
1707 34 0 53 1 
1708 28 0 41 0 
1709 42 0 80 0 
1710 15 1 85 0 
1711 24 1 87 0 
1712 90 1 117 1 
1713 97 0 117 1 
1714 95 1 117 1 
1715 65 1 117 1 
1716 54 0 117 1 
1717 62 1 117 1 
1718 71 1 117 1 
1719 11 1 39 1 
1720 15 1 112 0 
1721 6 1 124 1 
1722 6 1 74 0 
1723 50 0 92 1 
1724 1 1 37 0 
1725 16 0 105 0 
1726 52 0 119 0 
1727 44 0 71 1 
1728 36 0 102 1 
1729 94 0 102 1 
1730 34 0 51 1 
1731 51 1 70 0 
1732 82 1 95 1 
1733 73 1 119 0 
1734 25 0 70 0 
1735 86 1 112 0 
1736 51 1 112 0 
1737 118 0 123 0 
1738 38 0 92 1 
1739 50 0 127 1 
1740 44 0 67 1 
1741 23 0 109 0 
1742 21 0 81 0 
1743 58 1 108 0 
1744 74 0 79 0 
1745 93 0 129 0 
1746 59 0 129 0 
1747 70 0 124 1 
1748 49 0 124 1 
1749 43 0 79 0 
1750 56 1 67 1 
1751 67 1 97 0 
1752 31 1 51 1 
1753 6 1 125 0 
1754 18 0 113 1 
1755 74 0 96 1 
1756 74 0 110 1 
1757 42 0 74 0 
1758 74 0 105 0 
1759 74 0 77 0 
1760 1 1 39 1 
1761 39 1 119 0 
1762 14 0 28 0 
1763 14 0 100 0 
1764 120 0 125 0 
1765 92 1 125 0 
1766 42 0 107 0 
1767 35 0 112 0 
1768 57 0 127 1 
1769 1 1 70 0 
1770 3 1 24 1 
1771 16 0 113 1 
1772 72 0 127 1 
1773 77 0 122 1 
1774 67 1 68 1 
1775 48 1 70 0 
1776 63 1 128 0 
1777 39 1 47 0 
1778 124 1 126 0 
1779 67 1 122 1 
1780 67 1 87 0 
1781 67 1 84 0 
1782 49 0 79 0 
1783 52 0 57 0 
1784 98 1 109 0 
1785 1 1 98 1 
1786 34 0 97 0 
1787 5 0 75 0 
1788 17 1 80 0 
1789 40 1 80 0 
1790 15 1 51 1 
1791 72 0 125 0 
1792 41 0 126 0 
1793 32 1 113 1 
1794 49 0 70 0 
1795 18 0 63 1 
1796 16 0 63 1 
1797 37 0 98 1 
1798 37 0 80 0 
1799 6 1 79 0 
1800 21 0 88 1 
1801 33 1 88 1 
1802 36 0 47 0 
1803 100 0 102 1 
1804 28 0 102 1 
1805 14 0 52 0 
1806 14 0 59 0 
1807 20 0 29 1 
1808 20 0 44 0 
1809 87 0 91 1 
1810 69 1 96 1 
1811 96 1 119 0 
1812 24 1 100 0 
1813 35 0 65 1 
1814 8 0 117 1 
1815 72 0 102 1 
1816 60 0 72 0 
1817 72 0 122 1 
1818 14 0 72 0 
1819 62 1 72 0 
1820 123 0 125 0 
1821 39 1 41 0 
1822 67 1 126 0 
1823 64 0 87 0 
1824 53 1 112 0 
1825 13 1 98 1 
1826 110 1 113 1 
1827 65 1 127 1 
1828 32 1 81 0 
1829 106 0 116 0 
1830 91 1 120 0 
1831 49 0 85 0 
1832 16 0 97 0 
1833 9 1 97 0 
1834 0 1 97 0 
1835 84 0 100 0 
1836 58 1 100 0 
1837 82 1 128 0 
1838 47 0 85 0 
1839 56 1 61 0 
1840 7 1 56 1 
1841 26 1 56 1 
1842 27 0 56 1 
1843 56 1 74 0 
1844 56 1 58 1 
1845 56 1 69 1 
1846 54 0 56 1 
1847 56 1 114 0 
1848 26 1 117 1 
1849 15 1 41 0 
1850 12 1 102 1 
1851 125 0 132 1 
1852 51 1 128 0 
1853 18 0 51 1 
1854 18 0 22 1 
1855 8 0 112 0 
1856 51 1 67 1 
1857 20 0 58 1 
1858 36 0 66 1 
1859 18 0 43 0 
1860 10 1 46 1 
1861 88 1 127 1 
1862 7 1 127 1 
1863 17 1 47 0 
1864 51 1 98 1 
1865 24 1 125 0 
1866 15 1 24 1 
1867 24 1 61 0 
1868 24 1 56 1 
1869 24 1 74 0 
1870 18 0 106 0 
1871 37 0 100 0 
1872 10 1 100 0 
1873 84 0 102 1 
1874 5 0 70 0 
1875 65 1 86 1 
1876 47 0 50 0 
1877 36 0 50 0 
1878 3 1 40 1 
1879 23 0 94 0 
1880 46 1 94 0 
1881 8 0 52 0 
1882 20 0 52 0 
1883 52 0 86 1 
1884 46 1 52 0 
1885 59 0 76 0 
1886 56 1 84 0 
1887 36 0 67 1 
1888 46 1 120 0 
1889 63 1 79 0 
1890 9 1 77 0 
1891 67 1 77 0 
1892 118 0 126 0 
1893 70 0 118 0 
1894 64 0 67 1 
1895 64 0 86 1 
1896 56 1 103 0 
1897 14 0 42 0 
1898 21 0 85 0 
1899 75 0 131 1 
1900 50 0 121 1 
1901 19 1 63 1 
1902 32 1 63 1 
1903 9 1 63 1 
1904 63 1 122 1 
1905 74 0 112 0 
1906 65 1 105 0 
1907 40 1 85 0 
1908 36 0 112 0 
1909 45 0 78 1 
1910 104 0 118 0 
1911 77 0 104 0 
1912 98 1 112 0 
1913 27 0 105 0 
1914 8 0 29 1 
1915 29 1 117 1 
1916 3 1 117 1 
1917 39 1 83 1 
1918 83 1 95 1 
1919 83 1 97 0 
1920 27 0 83 1 
1921 83 1 132 1 
1922 57 0 66 1 
1923 10 1 70 0 
1924 16 0 46 1 
1925 21 0 125 0 
1926 51 1 94 0 
1927 92 1 94 0 
1928 30 0 45 0 
1929 30 0 124 1 
1930 1 1 64 0 
1931 19 1 84 0 
1932 84 0 119 0 
1933 26 1 60 0 
1934 84 0 115 0 
1935 34 0 112 0 
1936 38 0 39 1 
1937 7 1 71 1 
1938 56 1 108 0 
1939 83 1 123 0 
1940 83 1 128 0 
1941 46 1 67 1 
1942 12 1 26 1 
1943 41 0 123 0 
1944 4 0 88 1 
1945 15 1 113 1 
1946 1 1 99 1 
1947 65 1 69 1 
1948 69 1 87 0 
1949 5 0 66 1 
1950 24 1 62 1 
1951 39 1 132 1 
1952 17 1 38 0 
1953 85 0 98 1 
1954 36 0 51 1 
1955 36 0 107 0 
1956 17 1 70 0 
1957 16 0 84 0 
1958 8 0 84 0 
1959 33 1 83 1 
1960 109 0 125 0 
1961 88 1 109 0 
1962 15 1 125 0 
1963 65 1 129 0 
1964 37 0 87 0 
1965 52 0 87 0 
1966 4 0 21 0 
1967 32 1 38 0 
1968 47 0 125 0 
1969 24 1 132 1 
1970 76 0 87 0 
1971 87 0 108 0 
1972 87 0 110 1 
1973 0 1 87 0 
1974 44 0 115 0 
1975 21 0 118 0 
1976 14 0 38 0 
1977 66 1 128 0 
1978 66 1 102 1 
1979 51 1 54 0 
1980 9 1 54 0 
1981 42 0 54 0 
1982 0 1 54 0 
1983 50 0 54 0 
1984 39 1 54 0 
1985 52 0 105 0 
1986 46 1 105 0 
1987 64 0 83 1 
1988 61 0 110 1 
1989 77 0 124 1 
1990 83 1 124 1 
1991 56 1 109 0 
1992 72 0 98 1 
1993 16 0 94 0 
1994 27 0 60 0 
1995 19 1 103 0 
1996 19 1 116 0 
1997 63 1 132 1 
1998 26 1 63 1 
1999 16 0 119 0 
2000 57 0 116 0 
2001 40 1 117 1 
2002 29 1 65 1 
2003 66 1 117 1 
2004 66 1 85 0 
2005 11 1 97 0 
2006 56 1 105 0 
2007 87 0 128 0 
2008 46 1 56 1 
2009 14 0 125 0 
2010 70 0 90 1 
2011 18 0 70 0 
2012 10 1 26 1 
2013 86 1 126 0 
2014 56 1 80 0 
2015 36 0 84 0 
2016 45 0 53 1 
2017 46 1 53 1 
2018 52 0 53 1 
2019 52 0 63 1 
2020 63 1 109 0 
2021 63 1 98 1 
2022 5 0 115 0 
2023 35 0 75 0 
2024 27 0 47 0 
2025 70 0 113 1 
2026 10 1 127 1 
2027 39 1 72 0 
2028 22 1 52 0 
2029 36 0 132 1 
2030 38 0 123 0 
2031 81 0 105 0 
2032 50 0 126 0 
2033 25 0 126 0 
2034 61 0 126 0 
2035 123 0 126 0 
2036 94 0 126 0 
2037 87 0 126 0 
2038 53 1 126 0 
2039 122 1 126 0 
2040 23 0 126 0 
2041 65 1 126 0 
2042 119 0 126 0 
2043 40 1 86 1 
2044 79 0 89 1 
2045 5 0 108 0 
2046 27 0 119 0 
2047 100 0 131 1 
2048 19 1 47 0 
2049 47 0 117 1 
2050 1 1 47 0 
2051 47 0 51 1 
2052 4 0 47 0 
2053 30 0 47 0 
2054 47 0 71 1 
2055 44 0 47 0 
2056 21 0 110 1 
2057 47 0 116 0 
2058 26 1 29 1 
2059 26 1 81 0 
2060 26 1 125 0 
2061 26 1 105 0 
2062 14 0 26 1 
2063 15 1 59 0 
2064 12 1 18 0 
2065 12 1 83 1 
2066 12 1 77 0 
2067 12 1 37 0 
2068 12 1 52 0 
2069 12 1 124 1 
2070 69 1 105 0 
2071 38 0 50 0 
2072 38 0 75 0 
2073 7 1 59 0 
2074 10 1 14 0 
2075 69 1 125 0 
2076 36 0 69 1 
2077 76 0 125 0 
2078 75 0 96 1 
2079 33 1 79 0 
2080 52 0 97 0 
2081 41 0 97 0 
2082 84 0 97 0 
2083 97 0 108 0 
2084 40 1 97 0 
2085 46 1 100 0 
2086 27 0 40 1 
2087 1 1 56 1 
2088 54 0 67 1 
2089 99 1 100 0 
2090 42 0 99 1 
2091 63 1 67 1 
2092 18 0 102 1 
2093 50 0 80 0 
2094 10 1 63 1 
2095 28 0 63 1 
2096 70 0 95 1 
2097 10 1 41 0 
2098 81 0 112 0 
2099 18 0 33 1 
2100 77 0 100 0 
2101 25 0 85 0 
2102 85 0 125 0 
2103 15 1 50 0 
2104 59 0 70 0 
2105 40 1 116 0 
2106 44 0 116 0 
2107 7 1 116 0 
2108 2 1 116 0 
2109 116 0 120 0 
2110 1 1 116 0 
2111 65 1 85 0 
2112 78 1 100 0 
2113 22 1 57 0 
2114 57 0 78 1 
2115 46 1 57 0 
2116 57 0 61 0 
2117 57 0 74 0 
2118 41 0 78 1 
2119 28 0 96 1 
2120 28 0 128 0 
2121 47 0 61 0 
2122 42 0 105 0 
2123 29 1 39 1 
2124 9 1 120 0 
2125 44 0 80 0 
2126 16 0 106 0 
2127 1 1 117 1 
2128 87 0 127 1 
2129 37 0 69 1 
2130 44 0 128 0 
2131 44 0 79 0 
2132 15 1 67 1 
2133 79 0 123 0 
2134 81 0 98 1 
2135 108 0 130 1 
2136 84 0 130 1 
2137 69 1 130 1 
2138 130 1 132 1 
2139 30 0 130 1 
2140 34 0 75 0 
2141 69 1 71 1 
2142 15 1 27 0 
2143 36 0 74 0 
2144 77 0 117 1 
2145 67 1 96 1 
2146 16 0 44 0 
2147 118 0 120 0 
2148 13 1 59 0 
2149 92 1 98 1 
2150 67 1 106 0 
2151 10 1 71 1 
2152 42 0 112 0 
2153 42 0 66 1 
2154 42 0 84 0 
2155 39 1 42 0 
2156 42 0 100 0 
2157 42 0 62 1 
2158 42 0 104 0 
2159 51 1 87 0 
2160 68 1 87 0 
2161 87 0 129 0 
2162 42 0 65 1 
2163 8 0 18 0 
2164 4 0 123 0 
2165 97 0 125 0 
2166 66 1 100 0 
2167 2 1 126 0 
2168 2 1 27 0 
2169 2 1 111 0 
2170 123 0 130 1 
2171 115 0 116 0 
2172 70 0 106 0 
2173 106 0 115 0 
2174 29 1 106 0 
2175 85 0 106 0 
2176 103 0 106 0 
2177 112 0 114 0 
2178 31 1 45 0 
2179 43 0 99 1 
2180 37 0 99 1 
2181 75 0 99 1 
2182 99 1 132 1 
2183 24 1 99 1 
2184 37 0 58 1 
2185 16 0 58 1 
2186 97 0 129 0 
2187 33 1 35 0 
2188 10 1 59 0 
2189 37 0 59 0 
2190 21 0 40 1 
2191 31 1 67 1 
2192 10 1 109 0 
2193 16 0 56 1 
2194 24 1 75 0 
2195 101 1 131 1 
2196 86 1 108 0 
2197 108 0 117 1 
2198 29 1 35 0 
2199 29 1 124 1 
2200 71 1 113 1 
2201 69 1 113 1 
2202 82 1 113 1 
2203 28 0 90 1 
2204 86 1 123 0 
2205 73 1 123 0 
2206 30 0 34 0 
2207 33 1 41 0 
2208 9 1 84 0 
2209 109 0 119 0 
2210 19 1 119 0 
2211 70 0 119 0 
2212 9 1 119 0 
2213 88 1 119 0 
2214 82 1 123 0 
2215 10 1 92 1 
2216 38 0 62 1 
2217 62 1 75 0 
2218 77 0 90 1 
2219 20 0 114 0 
2220 24 1 129 0 
2221 41 0 69 1 
2222 3 1 36 0 
2223 18 0 80 0 
2224 18 0 71 1 
2225 22 1 98 1 
2226 35 0 126 0 
2227 1 1 112 0 
2228 30 0 112 0 
2229 55 1 110 1 
2230 6 1 27 0 
2231 18 0 90 1 
2232 56 1 129 0 
2233 8 0 129 0 
2234 22 1 132 1 
2235 61 0 74 0 
2236 69 1 119 0 
2237 5 0 45 0 
2238 61 0 96 1 
2239 34 0 113 1 
2240 45 0 97 0 
2241 50 0 132 1 
2242 20 0 122 1 
2243 19 1 44 0 
2244 21 0 41 0 
2245 98 1 100 0 
2246 74 0 98 1 
2247 115 0 134 1 
2248 114 0 119 0 
2249 27 0 54 0 
2250 97 0 119 0 
2251 60 0 116 0 
2252 72 0 100 0 
2253 50 0 109 0 
2254 7 1 50 0 
2255 62 1 125 0 
2256 68 1 74 0 
2257 5 0 109 0 
2258 68 1 123 0 
2259 18 0 104 0 
2260 51 1 102 1 
2261 71 1 73 1 
2262 67 1 119 0 
2263 101 1 120 0 
2264 5 0 124 1 
2265 25 0 79 0 
2266 77 0 102 1 
2267 101 1 106 0 
2268 87 0 121 1 
2269 65 1 95 1 
2270 30 0 65 1 
2271 65 1 103 0 
2272 62 1 65 1 
2273 16 0 45 0 
2274 16 0 37 0 
2275 52 0 80 0 
2276 122 1 124 1 
2277 92 1 104 0 
2278 50 0 56 1 
2279 50 0 83 1 
2280 106 0 122 1 
2281 44 0 82 1 
2282 44 0 97 0 
2283 10 1 30 0 
2284 39 1 73 1 
2285 42 0 123 0 
2286 108 0 116 0 
2287 9 1 47 0 
2288 9 1 28 0 
2289 11 1 77 0 
2290 11 1 99 1 
2291 2 1 11 1 
2292 11 1 114 0 
2293 18 0 119 0 
2294 61 0 119 0 
2295 35 0 119 0 
2296 31 1 119 0 
2297 34 0 119 0 
2298 12 1 119 0 
2299 50 0 120 0 
2300 67 1 130 1 
2301 65 1 109 0 
2302 83 1 110 1 
2303 48 1 67 1 
2304 35 0 67 1 
2305 63 1 118 0 
2306 78 1 90 1 
2307 46 1 88 1 
2308 38 0 46 1 
2309 22 1 46 1 
2310 7 1 122 1 
2311 7 1 81 0 
2312 7 1 128 0 
2313 89 1 105 0 
2314 67 1 89 1 
2315 83 1 89 1 
2316 52 0 96 1 
2317 58 1 104 0 
2318 17 1 24 1 
2319 100 0 110 1 
2320 90 1 100 0 
2321 106 0 110 1 
2322 13 1 44 0 
2323 16 0 49 0 
2324 21 0 49 0 
2325 0 1 100 0 
2326 10 1 61 0 
2327 9 1 61 0 
2328 61 0 72 0 
2329 61 0 71 1 
2330 75 0 122 1 
2331 10 1 97 0 
2332 70 0 77 0 
2333 34 0 123 0 
2334 38 0 44 0 
2335 19 1 85 0 
2336 55 1 85 0 
2337 85 0 108 0 
2338 85 0 100 0 
2339 85 0 91 1 
2340 33 1 85 0 
2341 18 0 88 1 
2342 10 1 110 1 
2343 109 0 123 0 
2344 44 0 123 0 
2345 123 0 132 1 
2346 116 0 123 0 
2347 3 1 123 0 
2348 40 1 99 1 
2349 16 0 83 1 
2350 44 0 83 1 
2351 4 0 18 0 
2352 50 0 86 1 
2353 97 0 131 1 
2354 3 1 61 0 
2355 67 1 88 1 
2356 86 1 128 0 
2357 67 1 86 1 
2358 56 1 83 1 
2359 61 0 67 1 
2360 54 0 72 0 
2361 65 1 101 1 
2362 24 1 55 1 
2363 52 0 102 1 
2364 81 0 86 1 
2365 52 0 115 0 
2366 52 0 98 1 
2367 52 0 74 0 
2368 1 1 113 1 
2369 80 0 117 1 
2370 34 0 63 1 
2371 10 1 120 0 
2372 13 1 69 1 
2373 9 1 79 0 
2374 21 0 79 0 
2375 40 1 46 1 
2376 18 0 83 1 
2377 5 0 92 1 
2378 2 1 93 0 
2379 87 0 118 0 
2380 75 0 81 0 
2381 79 0 99 1 
2382 16 0 26 1 
2383 67 1 95 1 
2384 15 1 28 0 
2385 15 1 97 0 
2386 21 0 37 0 
2387 21 0 97 0 
2388 17 1 21 0 
2389 21 0 90 1 
2390 21 0 25 0 
2391 21 0 74 0 
2392 21 0 122 1 
2393 7 1 100 0 
2394 18 0 35 0 
2395 35 0 52 0 
2396 94 0 113 1 
2397 109 0 113 1 
2398 6 1 87 0 
2399 47 0 102 1 
2400 80 0 106 0 
2401 24 1 97 0 
2402 65 1 107 0 
2403 46 1 65 1 
2404 65 1 94 0 
2405 65 1 74 0 
2406 38 0 65 1 
2407 8 0 132 1 
2408 37 0 57 0 
2409 10 1 60 0 
2410 5 0 23 0 
2411 5 0 46 1 
2412 19 1 39 1 
2413 70 0 126 0 
2414 70 0 73 1 
2415 70 0 98 1 
2416 2 1 70 0 
2417 28 0 120 0 
2418 18 0 109 0 
2419 78 1 84 0 
2420 79 0 117 1 
2421 37 0 97 0 
2422 35 0 62 1 
2423 34 0 49 0 
2424 0 1 60 0 
2425 0 1 22 1 
2426 0 1 94 0 
2427 0 1 7 1 
2428 0 1 63 1 
2429 0 1 58 1 
2430 0 1 20 0 
2431 13 1 97 0 
2432 57 0 129 0 
2433 116 0 130 1 
2434 67 1 105 0 
2435 58 1 117 1 
2436 10 1 98 1 
2437 79 0 113 1 
2438 112 0 119 0 
2439 47 0 106 0 
2440 37 0 70 0 
2441 28 0 47 0 
2442 2 1 85 0 
2443 75 0 100 0 
2444 84 0 88 1 
2445 42 0 94 0 
2446 77 0 103 0 
2447 117 1 122 1 
2448 37 0 56 1 
2449 10 1 56 1 
2450 56 1 107 0 
2451 37 0 118 0 
2452 52 0 118 0 
2453 111 0 118 0 
2454 30 0 131 1 
2455 96 1 103 0 
2456 103 0 109 0 
2457 42 0 103 0 
2458 103 0 112 0 
2459 75 0 103 0 
2460 33 1 103 0 
2461 103 0 114 0 
2462 72 0 77 0 
2463 30 0 52 0 
2464 50 0 94 0 
2465 50 0 59 0 
2466 12 1 13 1 
2467 81 0 127 1 
2468 45 0 81 0 
2469 71 1 81 0 
2470 80 0 83 1 
2471 61 0 83 1 
2472 38 0 52 0 
2473 5 0 52 0 
2474 42 0 73 1 
2475 1 1 57 0 
2476 20 0 83 1 
2477 34 0 66 1 
2478 34 0 129 0 
2479 34 0 122 1 
2480 34 0 73 1 
2481 30 0 125 0 
2482 51 1 69 1 
2483 8 0 102 1 
2484 8 0 66 1 
2485 8 0 63 1 
2486 94 0 124 1 
2487 50 0 131 1 
2488 6 1 18 0 
2489 20 0 33 1 
2490 33 1 97 0 
2491 38 0 41 0 
2492 54 0 132 1 
2493 45 0 54 0 
2494 39 1 97 0 
2495 18 0 127 1 
2496 99 1 128 0 
2497 36 0 128 0 
2498 33 1 128 0 
2499 25 0 59 0 
2500 120 0 122 1 
2501 31 1 129 0 
2502 7 1 42 0 
2503 42 0 109 0 
2504 42 0 75 0 
2505 75 0 85 0 
2506 40 1 75 0 
2507 1 1 75 0 
2508 75 0 83 1 
2509 75 0 119 0 
2510 0 1 75 0 
2511 20 0 40 1 
2512 65 1 119 0 
2513 52 0 60 0 
2514 24 1 44 0 
2515 16 0 100 0 
2516 100 0 107 0 
2517 8 0 30 0 
2518 42 0 111 0 
2519 96 1 123 0 
2520 34 0 87 0 
2521 37 0 67 1 
2522 37 0 130 1 
2523 85 0 87 0 
2524 30 0 51 1 
2525 110 1 117 1 
2526 7 1 79 0 
2527 68 1 79 0 
2528 16 0 79 0 
2529 79 0 106 0 
2530 79 0 107 0 
2531 65 1 79 0 
2532 2 1 79 0 
2533 87 0 132 1 
2534 8 0 38 0 
2535 71 1 94 0 
2536 65 1 122 1 
2537 37 0 122 1 
2538 125 0 130 1 
2539 34 0 46 1 
2540 34 0 77 0 
2541 13 1 50 0 
2542 57 0 89 1 
2543 57 0 123 0 
2544 57 0 67 1 
2545 30 0 54 0 
2546 54 0 113 1 
2547 106 0 108 0 
2548 5 0 106 0 
2549 13 1 106 0 
2550 106 0 123 0 
2551 106 0 111 0 
2552 51 1 106 0 
2553 21 0 38 0 
2554 4 0 87 0 
2555 31 1 34 0 
2556 63 1 87 0 
2557 9 1 24 1 
2558 24 1 119 0 
2559 8 0 24 1 
2560 24 1 46 1 
2561 60 0 119 0 
2562 1 1 119 0 
2563 8 0 119 0 
2564 21 0 119 0 
2565 46 1 119 0 
2566 16 0 28 0 
2567 28 0 91 1 
2568 71 1 92 1 
2569 45 0 46 1 
2570 45 0 59 0 
2571 45 0 128 0 
2572 45 0 102 1 
2573 45 0 60 0 
2574 6 1 45 0 
2575 45 0 122 1 
2576 45 0 64 0 
2577 80 0 123 0 
2578 8 0 126 0 
2579 21 0 112 0 
2580 58 1 109 0 
2581 18 0 56 1 
2582 2 1 56 1 
2583 28 0 56 1 
2584 56 1 122 1 
2585 56 1 87 0 
2586 20 0 36 0 
2587 1 1 122 1 
2588 14 0 17 1 
2589 18 0 126 0 
2590 66 1 126 0 
2591 115 0 126 0 
2592 58 1 126 0 
2593 5 0 126 0 
2594 82 1 126 0 
2595 59 0 73 1 
2596 66 1 77 0 
2597 26 1 45 0 
2598 45 0 121 1 
2599 19 1 91 1 
2600 89 1 130 1 
2601 44 0 84 0 
2602 13 1 126 0 
2603 52 0 88 1 
2604 10 1 131 1 
2605 119 0 120 0 
2606 17 1 103 0 
2607 38 0 49 0 
2608 23 0 38 0 
2609 38 0 132 1 
2610 13 1 25 0 
2611 34 0 94 0 
2612 116 0 126 0 
2613 32 1 46 1 
2614 46 1 79 0 
2615 30 0 46 1 
2616 46 1 69 1 
2617 7 1 98 1 
2618 79 0 83 1 
2619 30 0 83 1 
2620 63 1 71 1 
2621 63 1 103 0 
2622 13 1 41 0 
2623 13 1 64 0 
2624 13 1 47 0 
2625 13 1 82 1 
2626 13 1 99 1 
2627 24 1 28 0 
2628 24 1 50 0 
2629 61 0 76 0 
2630 76 0 84 0 
2631 69 1 76 0 
2632 27 0 76 0 
2633 76 0 105 0 
2634 51 1 76 0 
2635 76 0 131 1 
2636 76 0 88 1 
2637 76 0 92 1 
2638 42 0 70 0 
2639 121 1 123 0 
2640 51 1 120 0 
2641 62 1 98 1 
2642 43 0 47 0 
2643 75 0 88 1 
2644 75 0 113 1 
2645 98 1 122 1 
2646 34 0 98 1 
2647 70 0 79 0 
2648 37 0 94 0 
2649 16 0 22 1 
2650 16 0 72 0 
2651 70 0 96 1 
2652 98 1 128 0 
2653 25 0 28 0 
2654 51 1 73 1 
2655 1 1 21 0 
2656 82 1 106 0 
2657 45 0 61 0 
2658 36 0 85 0 
2659 26 1 109 0 
2660 105 0 128 0 
2661 10 1 28 0 
2662 69 1 132 1 
2663 14 0 61 0 
2664 14 0 78 1 
2665 14 0 68 1 
2666 14 0 115 0 
2667 14 0 98 1 
2668 14 0 51 1 
2669 14 0 127 1 
2670 67 1 69 1 
2671 36 0 44 0 
2672 18 0 44 0 
2673 44 0 68 1 
2674 44 0 104 0 
2675 44 0 122 1 
2676 10 1 44 0 
2677 2 1 44 0 
2678 108 0 125 0 
2679 81 0 106 0 
2680 16 0 81 0 
2681 2 1 71 1 
2682 80 0 102 1 
2683 93 0 102 1 
2684 7 1 51 1 
2685 0 1 111 0 
2686 5 0 123 0 
2687 13 1 118 0 
2688 21 0 69 1 
2689 28 0 40 1 
2690 17 1 28 0 
2691 28 0 29 1 
2692 20 0 28 0 
2693 116 0 124 1 
2694 39 1 57 0 
2695 36 0 39 1 
2696 6 1 24 1 
2697 42 0 106 0 
2698 10 1 51 1 
2699 3 1 10 1 
2700 10 1 29 1 
2701 63 1 112 0 
2702 43 0 44 0 
2703 44 0 108 0 
2704 85 0 116 0 
2705 74 0 122 1 
2706 74 0 97 0 
2707 74 0 115 0 
2708 74 0 86 1 
2709 74 0 107 0 
2710 105 0 108 0 
2711 29 1 105 0 
2712 67 1 128 0 
2713 82 1 94 0 
2714 61 0 130 1 
2715 14 0 25 0 
2716 39 1 53 1 
2717 28 0 119 0 
2718 15 1 34 0 
2719 1 1 12 1 
2720 77 0 132 1 
2721 4 0 52 0 
2722 4 0 46 1 
2723 4 0 49 0 
2724 70 0 100 0 
2725 6 1 67 1 
2726 6 1 61 0 
2727 46 1 123 0 
2728 45 0 98 1 
2729 124 1 131 1 
2730 77 0 97 0 
2731 35 0 128 0 
2732 52 0 128 0 
2733 52 0 131 1 
2734 49 0 101 1 
2735 10 1 79 0 
2736 79 0 102 1 
2737 66 1 79 0 
2738 75 0 79 0 
2739 30 0 79 0 
2740 79 0 118 0 
2741 70 0 112 0 
2742 3 1 50 0 
2743 27 0 113 1 
2744 24 1 30 0 
2745 21 0 126 0 
2746 18 0 41 0 
2747 57 0 59 0 
2748 21 0 59 0 
2749 8 0 69 1 
2750 99 1 114 0 
2751 72 0 99 1 
2752 21 0 47 0 
2753 34 0 72 0 
2754 38 0 90 1 
2755 83 1 84 0 
2756 47 0 77 0 
2757 90 1 116 0 
2758 46 1 47 0 
2759 67 1 117 1 
2760 34 0 67 1 
2761 2 1 67 1 
2762 8 0 122 1 
2763 5 0 42 0 
2764 8 0 9 1 
2765 42 0 87 0 
2766 27 0 71 1 
2767 41 0 103 0 
2768 24 1 27 0 
2769 54 0 105 0 
2770 65 1 115 0 
2771 2 1 50 0 
2772 6 1 126 0 
2773 117 1 126 0 
2774 63 1 126 0 
2775 65 1 68 1 
2776 67 1 79 0 
2777 67 1 92 1 
2778 54 0 114 0 
2779 25 0 130 1 
2780 7 1 66 1 
2781 7 1 74 0 
2782 7 1 44 0 
2783 45 0 84 0 
2784 13 1 131 1 
2785 96 1 131 1 
2786 131 1 132 1 
2787 66 1 131 1 
2788 109 0 131 1 
2789 122 1 131 1 
2790 120 0 131 1 
2791 15 1 131 1 
2792 8 0 127 1 
2793 10 1 124 1 
2794 39 1 124 1 
2795 44 0 124 1 
2796 73 1 124 1 
2797 2 1 125 0 
2798 2 1 16 0 
2799 18 0 19 1 
2800 70 0 120 0 
2801 1 1 127 1 
2802 29 1 127 1 
2803 94 0 112 0 
2804 80 0 112 0 
2805 33 1 112 0 
2806 1 1 83 1 
2807 28 0 38 0 
2808 27 0 28 0 
2809 28 0 71 1 
2810 8 0 67 1 
2811 66 1 95 1 
2812 60 0 95 1 
2813 23 0 45 0 
2814 21 0 22 1 
2815 18 0 86 1 
2816 19 1 86 1 
2817 68 1 71 1 
2818 40 1 98 1 
2819 44 0 98 1 
2820 22 1 107 0 
2821 100 0 128 0 
2822 2 1 24 1 
2823 25 0 43 0 
2824 75 0 87 0 
2825 57 0 131 1 
2826 27 0 29 1 
2827 0 1 62 1 
2828 73 1 127 1 
2829 23 0 73 1 
2830 50 0 74 0 
2831 29 1 36 0 
2832 47 0 122 1 
2833 5 0 26 1 
2834 72 0 84 0 
2835 19 1 72 0 
2836 72 0 93 0 
2837 37 0 72 0 
2838 59 0 105 0 
2839 72 0 128 0 
2840 13 1 90 1 
2841 13 1 63 1 
2842 85 0 132 1 
2843 35 0 85 0 
2844 3 1 85 0 
2845 124 1 132 1 
2846 109 0 124 1 
2847 27 0 44 0 
2848 98 1 118 0 
2849 50 0 69 1 
2850 22 1 48 1 
2851 58 1 127 1 
2852 107 0 108 0 
2853 52 0 107 0 
2854 107 0 126 0 
2855 88 1 107 0 
2856 45 0 107 0 
2857 38 0 107 0 
2858 51 1 61 0 
2859 49 0 51 1 
2860 51 1 90 1 
2861 51 1 58 1 
2862 51 1 86 1 
2863 0 1 120 0 
2864 15 1 117 1 
2865 18 0 117 1 
2866 53 1 117 1 
2867 117 1 132 1 
2868 105 0 106 0 
2869 24 1 67 1 
2870 22 1 100 0 
2871 17 1 46 1 
2872 71 1 83 1 
2873 41 0 83 1 
2874 49 0 83 1 
2875 21 0 82 1 
2876 29 1 51 1 
2877 14 0 39 1 
2878 14 0 60 0 
2879 14 0 97 0 
2880 14 0 47 0 
2881 14 0 121 1 
2882 14 0 67 1 
2883 14 0 29 1 
2884 14 0 110 1 
2885 52 0 124 1 
2886 46 1 131 1 
2887 27 0 114 0 
2888 114 0 127 1 
2889 37 0 114 0 
2890 77 0 114 0 
2891 66 1 93 0 
2892 8 0 33 1 
2893 4 0 79 0 
2894 46 1 51 1 
2895 31 1 91 1 
2896 26 1 52 0 
2897 26 1 50 0 
2898 26 1 54 0 
2899 13 1 83 1 
2900 66 1 113 1 
2901 16 0 80 0 
2902 24 1 35 0 
2903 52 0 132 1 
2904 25 0 120 0 
2905 18 0 77 0 
2906 15 1 18 0 
2907 119 0 127 1 
2908 50 0 130 1 
2909 50 0 51 1 
2910 71 1 114 0 
2911 105 0 125 0 
2912 73 1 125 0 
2913 44 0 125 0 
2914 1 1 106 0 
2915 67 1 115 0 
2916 29 1 119 0 
2917 65 1 83 1 
2918 44 0 126 0 
2919 62 1 71 1 
2920 13 1 70 0 
2921 64 0 117 1 
2922 102 1 116 0 
2923 11 1 116 0 
2924 65 1 116 0 
2925 25 0 116 0 
2926 62 1 116 0 
2927 50 0 103 0 
2928 74 0 128 0 
2929 54 0 119 0 
2930 18 0 128 0 
2931 30 0 76 0 
2932 15 1 80 0 
2933 43 0 51 1 
2934 16 0 107 0 
2935 62 1 94 0 
2936 36 0 120 0 
2937 70 0 83 1 
2938 26 1 71 1 
2939 67 1 73 1 
2940 15 1 38 0 
2941 19 1 22 1 
2942 1 1 67 1 
2943 56 1 128 0 
2944 97 0 112 0 
2945 37 0 71 1 
2946 46 1 71 1 
2947 54 0 71 1 
2948 71 1 93 0 
2949 70 0 71 1 
2950 71 1 120 0 
2951 48 1 115 0 
2952 33 1 70 0 
2953 40 1 49 0 
2954 70 0 87 0 
2955 127 1 130 1 
2956 58 1 99 1 
2957 49 0 82 1 
2958 11 1 124 1 
2959 46 1 124 1 
2960 83 1 102 1 
2961 40 1 87 0 
2962 41 0 42 0 
2963 90 1 129 0 
2964 19 1 110 1 
2965 110 1 131 1 
2966 14 0 81 0 
2967 6 1 112 0 
2968 6 1 30 0 
2969 24 1 126 0 
2970 34 0 81 0 
2971 14 0 23 0 
2972 66 1 67 1 
2973 30 0 67 1 
2974 82 1 108 0 
2975 19 1 94 0 
2976 18 0 125 0 
2977 23 0 80 0 
2978 5 0 87 0 
2979 124 1 127 1 
2980 37 0 128 0 
2981 8 0 124 1 
2982 64 0 112 0 
2983 108 0 112 0 
2984 16 0 51 1 
2985 36 0 70 0 
2986 18 0 26 1 
2987 25 0 50 0 
2988 37 0 50 0 
2989 102 1 124 1 
2990 107 0 125 0 
2991 44 0 107 0 
2992 64 0 103 0 
2993 66 1 87 0 
2994 27 0 104 0 
2995 11 1 57 0 
2996 37 0 46 1 
2997 38 0 40 1 
2998 5 0 57 0 
2999 42 0 96 1 
3000 28 0 101 1 
3001 0 1 28 0 
3002 28 0 116 0 
3003 79 0 115 0 
3004 60 0 125 0 
3005 10 1 27 0 
3006 101 1 112 0 
3007 9 1 129 0 
3008 71 1 128 0 
3009 34 0 105 0 
3010 59 0 126 0 
3011 59 0 96 1 
3012 59 0 65 1 
3013 59 0 99 1 
3014 40 1 109 0 
3015 97 0 114 0 
3016 28 0 97 0 
3017 6 1 73 1 
3018 79 0 80 0 
3019 92 1 114 0 
3020 92 1 115 0 
3021 50 0 117 1 
3022 40 1 124 1 
3023 52 0 129 0 
3024 3 1 96 1 
3025 19 1 69 1 
3026 13 1 40 1 
3027 40 1 95 1 
3028 40 1 111 0 
3029 40 1 67 1 
3030 14 0 40 1 
3031 40 1 54 0 
3032 23 0 40 1 
3033 8 0 10 1 
3034 10 1 47 0 
3035 11 1 88 1 
3036 19 1 98 1 
3037 65 1 98 1 
3038 4 0 98 1 
3039 47 0 98 1 
3040 94 0 100 0 
3041 54 0 82 1 
3042 2 1 119 0 
3043 39 1 56 1 
3044 18 0 42 0 
3045 45 0 93 0 
3046 34 0 36 0 
3047 34 0 65 1 
3048 17 1 67 1 
3049 27 0 50 0 
3050 27 0 57 0 
3051 68 1 109 0 
3052 43 0 52 0 
3053 52 0 116 0 
3054 59 0 82 1 
3055 82 1 105 0 
3056 41 0 105 0 
3057 93 0 105 0 
3058 33 1 105 0 
3059 105 0 111 0 
3060 88 1 105 0 
3061 47 0 70 0 
3062 8 0 118 0 
3063 63 1 106 0 
3064 78 1 106 0 
3065 76 0 106 0 
3066 90 1 106 0 
3067 56 1 93 0 
3068 66 1 71 1 
3069 53 1 128 0 
3070 39 1 51 1 
3071 8 0 27 0 
3072 27 0 46 1 
3073 40 1 79 0 
3074 31 1 41 0 
3075 41 0 96 1 
3076 45 0 127 1 
3077 36 0 56 1 
3078 33 1 51 1 
3079 68 1 77 0 
3080 1 1 125 0 
3081 64 0 66 1 
3082 64 0 127 1 
3083 41 0 64 0 
3084 62 1 64 0 
3085 2 1 64 0 
3086 77 0 81 0 
3087 77 0 92 1 
3088 1 1 77 0 
3089 60 0 113 1 
3090 90 1 113 1 
3091 64 0 113 1 
3092 58 1 113 1 
3093 83 1 113 1 
3094 33 1 67 1 
3095 14 0 102 1 
3096 44 0 57 0 
3097 0 1 10 1 
3098 24 1 58 1 
3099 31 1 65 1 
3100 42 0 58 1 
3101 19 1 53 1 
3102 46 1 61 0 
3103 29 1 64 0 
3104 80 0 109 0 
3105 110 1 126 0 
3106 40 1 112 0 
3107 1 1 103 0 
3108 22 1 58 1 
3109 28 0 60 0 
3110 1 1 26 1 
3111 57 0 126 0 
3112 94 0 98 1 
3113 42 0 98 1 
3114 98 1 102 1 
3115 50 0 98 1 
3116 38 0 98 1 
3117 58 1 97 0 
3118 29 1 75 0 
3119 24 1 102 1 
3120 16 0 102 1 
3121 7 1 120 0 
3122 73 1 98 1 
3123 73 1 93 0 
3124 5 0 111 0 
3125 75 0 111 0 
3126 20 0 43 0 
3127 50 0 129 0 
3128 59 0 108 0 
3129 59 0 62 1 
3130 94 0 118 0 
3131 17 1 116 0 
3132 70 0 116 0 
3133 80 0 116 0 
3134 38 0 116 0 
3135 29 1 69 1 
3136 63 1 115 0 
3137 39 1 115 0 
3138 117 1 125 0 
3139 8 0 32 1 
3140 13 1 16 0 
3141 16 0 127 1 
3142 16 0 39 1 
3143 16 0 73 1 
3144 74 0 88 1 
3145 60 0 83 1 
3146 21 0 72 0 
3147 63 1 72 0 
3148 72 0 79 0 
3149 72 0 118 0 
3150 33 1 121 1 
3151 2 1 14 0 
3152 45 0 117 1 
3153 35 0 49 0 
3154 21 0 39 1 
3155 35 0 120 0 
3156 25 0 104 0 
3157 25 0 117 1 
3158 25 0 98 1 
3159 25 0 69 1 
3160 86 1 117 1 
3161 29 1 45 0 
3162 84 0 86 1 
3163 116 0 121 1 
3164 80 0 120 0 
3165 9 1 83 1 
3166 9 1 76 0 
3167 5 0 9 1 
3168 9 1 71 1 
3169 9 1 107 0 
3170 9 1 111 0 
3171 11 1 100 0 
3172 11 1 86 1 
3173 38 0 112 0 
3174 34 0 37 0 
3175 20 0 54 0 
3176 65 1 125 0 
3177 95 1 115 0 
3178 34 0 42 0 
3179 17 1 129 0 
3180 59 0 60 0 
3181 75 0 125 0 
3182 50 0 53 1 
3183 39 1 103 0 
3184 117 1 120 0 
3185 24 1 37 0 
3186 5 0 100 0 
3187 86 1 125 0 
3188 25 0 135 0 
3189 42 0 52 0 
3190 24 1 52 0 
3191 52 0 114 0 
3192 41 0 106 0 
3193 34 0 93 0 
3194 93 0 96 1 
3195 35 0 80 0 
3196 1 1 80 0 
3197 33 1 84 0 
3198 77 0 125 0 
3199 63 1 125 0 
3200 122 1 125 0 
3201 53 1 125 0 
3202 46 1 125 0 
3203 5 0 35 0 
3204 28 0 61 0 
3205 33 1 56 1 
3206 114 0 115 0 
3207 27 0 115 0 
3208 57 0 69 1 
3209 52 0 84 0 
3210 2 1 52 0 
3211 26 1 115 0 
3212 19 1 26 1 
3213 20 0 130 1 
3214 10 1 86 1 
3215 22 1 113 1 
3216 22 1 71 1 
3217 22 1 62 1 
3218 22 1 103 0 
3219 70 0 108 0 
3220 30 0 70 0 
3221 11 1 37 0 
3222 11 1 52 0 
3223 11 1 131 1 
3224 11 1 23 0 
3225 11 1 56 1 
3226 11 1 98 1 
3227 11 1 96 1 
3228 11 1 20 0 
3229 6 1 38 0 
3230 15 1 57 0 
3231 30 0 117 1 
3232 31 1 50 0 
3233 25 0 124 1 
3234 24 1 82 1 
3235 50 0 85 0 
3236 21 0 106 0 
3237 21 0 80 0 
3238 21 0 52 0 
3239 21 0 99 1 
3240 7 1 112 0 
3241 13 1 128 0 
3242 28 0 98 1 
3243 14 0 130 1 
3244 16 0 109 0 
3245 63 1 82 1 
3246 29 1 72 0 
3247 4 0 51 1 
3248 44 0 105 0 
3249 81 0 100 0 
3250 2 1 96 1 
3251 120 0 121 1 
3252 121 1 130 1 
3253 10 1 123 0 
3254 21 0 113 1 
3255 8 0 21 0 
3256 20 0 21 0 
3257 14 0 105 0 
3258 24 1 108 0 
3259 24 1 33 1 
3260 24 1 120 0 
3261 33 1 65 1 
3262 33 1 123 0 
3263 107 0 123 0 
3264 59 0 130 1 
3265 53 1 59 0 
3266 42 0 60 0 
3267 10 1 40 1 
3268 22 1 24 1 
3269 4 0 81 0 
3270 33 1 122 1 
3271 87 0 122 1 
3272 40 1 103 0 
3273 5 0 88 1 
3274 34 0 70 0 
3275 30 0 40 1 
3276 31 1 130 1 
3277 9 1 50 0 
3278 5 0 47 0 
3279 41 0 120 0 
3280 60 0 69 1 
3281 69 1 100 0 
3282 92 1 100 0 
3283 88 1 100 0 
3284 58 1 105 0 
3285 58 1 72 0 
3286 90 1 102 1 
3287 97 0 127 1 
3288 110 1 127 1 
3289 15 1 127 1 
3290 62 1 127 1 
3291 54 0 127 1 
3292 35 0 58 1 
3293 79 0 124 1 
3294 79 0 128 0 
3295 5 0 79 0 
3296 1 1 79 0 
3297 1 1 123 0 
3298 6 1 52 0 
3299 88 1 124 1 
3300 4 0 100 0 
3301 3 1 39 1 
3302 63 1 119 0 
3303 38 0 63 1 
3304 13 1 24 1 
3305 24 1 77 0 
3306 40 1 71 1 
3307 33 1 71 1 
3308 71 1 74 0 
3309 71 1 124 1 
3310 31 1 109 0 
3311 70 0 114 0 
3312 23 0 116 0 
3313 73 1 132 1 
3314 28 0 94 0 
3315 2 1 100 0 
3316 38 0 122 1 
3317 3 1 94 0 
3318 3 1 21 0 
3319 7 1 83 1 
3320 83 1 94 0 
3321 83 1 119 0 
3322 40 1 72 0 
3323 111 0 125 0 
3324 22 1 27 0 
3325 20 0 66 1 
3326 98 1 124 1 
3327 61 0 79 0 
3328 61 0 92 1 
3329 12 1 20 0 
3330 29 1 112 0 
3331 4 0 84 0 
3332 7 1 53 1 
3333 91 1 110 1 
3334 29 1 91 1 
3335 0 1 115 0 
3336 35 0 38 0 
3337 20 0 39 1 
3338 9 1 20 0 
3339 3 1 82 1 
3340 16 0 38 0 
3341 76 0 119 0 
3342 27 0 88 1 
3343 61 0 78 1 
3344 14 0 75 0 
3345 58 1 94 0 
3346 63 1 94 0 
3347 6 1 96 1 
3348 51 1 122 1 
3349 99 1 103 0 
3350 23 0 42 0 
3351 10 1 72 0 
3352 8 0 123 0 
3353 109 0 117 1 
3354 98 1 117 1 
3355 35 0 36 0 
3356 29 1 84 0 
3357 60 0 84 0 
3358 84 0 92 1 
3359 16 0 125 0 
3360 16 0 66 1 
3361 16 0 99 1 
3362 16 0 67 1 
3363 47 0 104 0 
3364 60 0 99 1 
3365 60 0 86 1 
3366 60 0 122 1 
3367 77 0 120 0 
3368 19 1 77 0 
3369 12 1 104 0 
3370 51 1 79 0 
3371 79 0 129 0 
3372 8 0 116 0 
3373 100 0 127 1 
3374 75 0 80 0 
3375 0 1 50 0 
3376 12 1 15 1 
3377 46 1 126 0 
3378 20 0 25 0 
3379 20 0 75 0 
3380 20 0 64 0 
3381 2 1 20 0 
3382 20 0 45 0 
3383 30 0 86 1 
3384 8 0 54 0 
3385 108 0 123 0 
3386 21 0 53 1 
3387 1 1 71 1 
3388 71 1 80 0 
3389 80 0 91 1 
3390 33 1 46 1 
3391 21 0 48 1 
3392 79 0 116 0 
3393 87 0 109 0 
3394 33 1 36 0 
3395 77 0 116 0 
3396 57 0 112 0 
3397 74 0 120 0 
3398 6 1 117 1 
3399 71 1 84 0 
3400 17 1 96 1 
3401 64 0 65 1 
3402 76 0 117 1 
3403 15 1 64 0 
3404 17 1 126 0 
3405 9 1 27 0 
3406 99 1 115 0 
3407 2 1 130 1 
3408 6 1 66 1 
3409 6 1 84 0 
3410 84 0 108 0 
3411 77 0 110 1 
3412 97 0 98 1 
3413 86 1 87 0 
3414 23 0 87 0 
3415 87 0 111 0 
3416 87 0 100 0 
3417 87 0 103 0 
3418 78 1 132 1 
3419 10 1 91 1 
3420 14 0 43 0 
3421 63 1 124 1 
3422 92 1 130 1 
3423 26 1 112 0 
3424 60 0 81 0 
3425 81 0 91 1 
3426 47 0 81 0 
3427 67 1 114 0 
3428 9 1 109 0 
3429 39 1 109 0 
3430 92 1 109 0 
3431 106 0 109 0 
3432 3 1 109 0 
3433 20 0 104 0 
3434 80 0 108 0 
3435 80 0 125 0 
3436 70 0 80 0 
3437 80 0 129 0 
3438 80 0 121 1 
3439 6 1 132 1 
3440 86 1 130 1 
3441 82 1 132 1 
3442 100 0 124 1 
3443 22 1 69 1 
3444 22 1 39 1 
3445 4 0 13 1 
3446 102 1 132 1 
3447 27 0 38 0 
3448 74 0 127 1 
3449 58 1 74 0 
3450 29 1 47 0 
3451 47 0 118 0 
3452 5 0 11 1 
3453 37 0 125 0 
3454 19 1 37 0 
3455 19 1 82 1 
3456 16 0 29 1 
3457 74 0 84 0 
3458 1 1 109 0 
3459 27 0 80 0 
3460 26 1 51 1 
3461 16 0 132 1 
3462 66 1 107 0 
3463 19 1 52 0 
3464 72 0 96 1 
3465 67 1 70 0 
3466 36 0 105 0 
3467 9 1 123 0 
3468 34 0 125 0 
3469 24 1 106 0 
3470 38 0 115 0 
3471 79 0 88 1 
3472 39 1 82 1 
3473 13 1 14 0 
3474 14 0 41 0 
3475 14 0 124 1 
3476 14 0 96 1 
3477 39 1 110 1 
3478 0 1 83 1 
3479 53 1 116 0 
3480 25 0 119 0 
3481 26 1 65 1 
3482 9 1 65 1 
3483 65 1 88 1 
3484 65 1 111 0 
3485 37 0 129 0 
3486 34 0 41 0 
3487 33 1 34 0 
3488 118 0 131 1 
3489 24 1 88 1 
3490 24 1 54 0 
3491 18 0 24 1 
3492 44 0 70 0 
3493 44 0 117 1 
3494 18 0 96 1 
3495 6 1 94 0 
3496 39 1 128 0 
3497 40 1 63 1 
3498 40 1 66 1 
3499 40 1 78 1 
3500 40 1 127 1 
3501 40 1 106 0 
3502 12 1 128 0 
3503 71 1 115 0 
3504 8 0 115 0 
3505 50 0 64 0 
3506 69 1 124 1 
3507 68 1 107 0 
3508 107 0 130 1 
3509 58 1 107 0 
3510 92 1 107 0 
3511 40 1 107 0 
3512 41 0 65 1 
3513 70 0 128 0 
3514 93 0 100 0 
3515 55 1 123 0 
3516 123 0 127 1 
3517 58 1 123 0 
3518 9 1 52 0 
3519 28 0 52 0 
3520 23 0 57 0 
3521 29 1 115 0 
3522 37 0 41 0 
3523 15 1 132 1 
3524 27 0 127 1 
3525 60 0 127 1 
3526 107 0 127 1 
3527 92 1 127 1 
3528 44 0 46 1 
3529 85 0 128 0 
3530 9 1 85 0 
3531 41 0 92 1 
3532 65 1 124 1 
3533 64 0 124 1 
3534 0 1 124 1 
3535 17 1 124 1 
3536 23 0 72 0 
3537 5 0 104 0 
3538 24 1 73 1 
3539 21 0 114 0 
3540 13 1 110 1 
3541 42 0 69 1 
3542 69 1 82 1 
3543 4 0 128 0 
3544 4 0 20 0 
3545 4 0 61 0 
3546 4 0 54 0 
3547 16 0 33 1 
3548 22 1 115 0 
3549 21 0 104 0 
3550 21 0 56 1 
3551 92 1 112 0 
3552 18 0 38 0 
3553 83 1 117 1 
3554 97 0 128 0 
3555 28 0 36 0 
3556 49 0 100 0 
3557 49 0 102 1 
3558 30 0 49 0 
3559 83 1 126 0 
3560 83 1 118 0 
3561 110 1 121 1 
3562 59 0 77 0 
3563 3 1 9 1 
3564 30 0 50 0 
3565 92 1 129 0 
3566 102 1 115 0 
3567 10 1 87 0 
3568 47 0 87 0 
3569 50 0 75 0 
3570 38 0 85 0 
3571 50 0 65 1 
3572 70 0 122 1 
3573 11 1 71 1 
3574 25 0 71 1 
3575 71 1 77 0 
3576 71 1 129 0 
3577 4 0 94 0 
3578 94 0 135 0 
3579 81 0 117 1 
3580 10 1 111 0 
3581 34 0 117 1 
3582 34 0 115 0 
3583 1 1 65 1 
3584 85 0 113 1 
3585 58 1 75 0 
3586 57 0 73 1 
3587 27 0 51 1 
3588 2 1 51 1 
3589 51 1 74 0 
3590 51 1 65 1 
3591 15 1 36 0 
3592 31 1 127 1 
3593 14 0 31 1 
3594 88 1 96 1 
3595 8 0 98 1 
3596 48 1 65 1 
3597 24 1 45 0 
3598 31 1 70 0 
3599 8 0 70 0 
3600 62 1 70 0 
3601 4 0 114 0 
3602 29 1 131 1 
3603 29 1 77 0 
3604 16 0 60 0 
3605 16 0 68 1 
3606 16 0 75 0 
3607 16 0 31 1 
3608 16 0 123 0 
3609 52 0 106 0 
3610 30 0 97 0 
3611 28 0 92 1 
3612 28 0 57 0 
3613 28 0 65 1 
3614 29 1 96 1 
3615 46 1 54 0 
3616 19 1 33 1 
3617 33 1 43 0 
3618 21 0 132 1 
3619 33 1 116 0 
3620 22 1 70 0 
3621 1 1 42 0 
3622 1 1 81 0 
3623 1 1 114 0 
3624 2 1 5 0 
3625 2 1 43 0 
3626 2 1 95 1 
3627 2 1 115 0 
3628 28 0 33 1 
3629 51 1 116 0 
3630 119 0 131 1 
3631 31 1 112 0 
3632 60 0 124 1 
3633 39 1 44 0 
3634 72 0 80 0 
3635 62 1 80 0 
3636 26 1 38 0 
3637 3 1 38 0 
3638 30 0 60 0 
3639 89 1 112 0 
3640 66 1 86 1 
3641 2 1 86 1 
3642 53 1 86 1 
3643 85 0 86 1 
3644 86 1 124 1 
3645 22 1 64 0 
3646 51 1 117 1 
3647 30 0 98 1 
3648 57 0 97 0 
3649 32 1 67 1 
3650 23 0 114 0 
3651 46 1 97 0 
3652 47 0 97 0 
3653 97 0 124 1 
3654 97 0 100 0 
3655 93 0 119 0 
3656 29 1 70 0 
3657 15 1 29 1 
3658 9 1 104 0 
3659 9 1 100 0 
3660 9 1 62 1 
3661 9 1 49 0 
3662 9 1 82 1 
3663 102 1 112 0 
3664 45 0 112 0 
3665 69 1 112 0 
3666 13 1 113 1 
3667 12 1 112 0 
3668 61 0 114 0 
3669 31 1 36 0 
3670 52 0 71 1 
3671 71 1 126 0 
3672 80 0 126 0 
3673 80 0 132 1 
3674 73 1 80 0 
3675 1 1 38 0 
3676 1 1 35 0 
3677 1 1 93 0 
3678 10 1 108 0 
3679 6 1 10 1 
3680 35 0 97 0 
3681 36 0 83 1 
3682 51 1 109 0 
3683 31 1 132 1 
3684 96 1 127 1 
3685 103 0 104 0 
3686 23 0 104 0 
3687 96 1 104 0 
3688 38 0 104 0 
3689 5 0 28 0 
3690 49 0 87 0 
3691 59 0 115 0 
3692 5 0 67 1 
3693 63 1 70 0 
3694 54 0 96 1 
3695 80 0 94 0 
3696 57 0 80 0 
3697 74 0 80 0 
3698 49 0 113 1 
3699 42 0 119 0 
3700 113 1 125 0 
3701 35 0 113 1 
3702 0 1 113 1 
3703 12 1 113 1 
3704 113 1 119 0 
3705 113 1 114 0 
3706 113 1 121 1 
3707 12 1 41 0 
3708 16 0 117 1 
3709 16 0 77 0 
3710 9 1 16 0 
3711 61 0 116 0 
3712 48 1 116 0 
3713 38 0 77 0 
3714 24 1 79 0 
3715 24 1 26 1 
3716 24 1 90 1 
3717 52 0 112 0 
3718 110 1 112 0 
3719 112 0 122 1 
3720 111 0 112 0 
3721 112 0 123 0 
3722 46 1 86 1 
3723 6 1 46 1 
3724 96 1 108 0 
3725 16 0 23 0 
3726 56 1 100 0 
3727 56 1 70 0 
3728 115 0 119 0 
3729 5 0 125 0 
3730 1 1 124 1 
3731 1 1 6 1 
3732 1 1 85 0 
3733 50 0 72 0 
3734 30 0 94 0 
3735 25 0 30 0 
3736 30 0 102 1 
3737 30 0 114 0 
3738 2 1 30 0 
3739 30 0 116 0 
3740 40 1 129 0 
3741 64 0 92 1 
3742 55 1 57 0 
3743 90 1 126 0 
3744 47 0 52 0 
3745 7 1 115 0 
3746 61 0 115 0 
3747 96 1 115 0 
3748 111 0 115 0 
3749 115 0 120 0 
3750 55 1 98 1 
3751 54 0 101 1 
3752 29 1 57 0 
3753 62 1 77 0 
3754 6 1 9 1 
3755 93 0 95 1 
3756 96 1 105 0 
3757 24 1 96 1 
3758 5 0 96 1 
3759 63 1 96 1 
3760 45 0 63 1 
3761 37 0 117 1 
3762 5 0 120 0 
3763 0 1 57 0 
3764 43 0 118 0 
3765 85 0 118 0 
3766 27 0 118 0 
3767 4 0 118 0 
3768 44 0 118 0 
3769 26 1 101 1 
3770 52 0 101 1 
3771 36 0 61 0 
3772 36 0 81 0 
3773 36 0 86 1 
3774 112 0 118 0 
3775 34 0 39 1 
3776 97 0 120 0 
3777 10 1 58 1 
3778 61 0 93 0 
3779 16 0 93 0 
3780 22 1 93 0 
3781 25 0 93 0 
3782 58 1 93 0 
3783 29 1 31 1 
3784 54 0 110 1 
3785 54 0 130 1 
3786 36 0 54 0 
3787 54 0 98 1 
3788 54 0 86 1 
3789 1 1 54 0 
3790 23 0 54 0 
3791 70 0 78 1 
3792 7 1 92 1 
3793 20 0 65 1 
3794 20 0 126 0 
3795 31 1 88 1 
3796 20 0 88 1 
3797 83 1 88 1 
3798 88 1 131 1 
3799 13 1 34 0 
3800 36 0 49 0 
3801 36 0 72 0 
3802 36 0 103 0 
3803 10 1 75 0 
3804 36 0 129 0 
3805 79 0 121 1 
3806 79 0 112 0 
3807 14 0 79 0 
3808 69 1 79 0 
3809 47 0 79 0 
3810 120 0 124 1 
3811 27 0 52 0 
3812 18 0 27 0 
3813 60 0 107 0 
3814 13 1 109 0 
3815 19 1 93 0 
3816 120 0 128 0 
3817 27 0 120 0 
3818 73 1 120 0 
3819 8 0 51 1 
3820 42 0 56 1 
3821 27 0 122 1 
3822 47 0 107 0 
3823 1 1 53 1 
3824 28 0 108 0 
3825 44 0 51 1 
3826 44 0 106 0 
3827 29 1 60 0 
3828 102 1 109 0 
3829 34 0 109 0 
3830 34 0 86 1 
3831 26 1 94 0 
3832 53 1 63 1 
3833 45 0 91 1 
3834 97 0 105 0 
3835 60 0 105 0 
3836 19 1 105 0 
3837 83 1 105 0 
3838 105 0 127 1 
3839 10 1 64 0 
3840 9 1 38 0 
3841 25 0 48 1 
3842 48 1 56 1 
3843 48 1 72 0 
3844 48 1 69 1 
3845 67 1 123 0 
3846 70 0 105 0 
3847 10 1 99 1 
3848 5 0 27 0 
3849 82 1 101 1 
3850 15 1 128 0 
3851 2 1 34 0 
3852 46 1 118 0 
3853 29 1 128 0 
3854 10 1 113 1 
3855 38 0 120 0 
3856 79 0 98 1 
3857 67 1 107 0 
3858 10 1 38 0 
3859 63 1 120 0 
3860 83 1 114 0 
3861 41 0 72 0 
3862 42 0 63 1 
3863 42 0 51 1 
3864 20 0 94 0 
3865 42 0 76 0 
3866 42 0 93 0 
3867 33 1 130 1 
3868 38 0 69 1 
3869 6 1 41 0 
3870 27 0 82 1 
3871 16 0 62 1 
3872 43 0 93 0 
3873 84 0 93 0 
3874 38 0 108 0 
3875 77 0 128 0 
3876 77 0 115 0 
3877 58 1 77 0 
3878 18 0 122 1 
3879 38 0 87 0 
3880 7 1 75 0 
3881 31 1 94 0 
3882 22 1 31 1 
3883 31 1 126 0 
3884 27 0 31 1 
3885 24 1 31 1 
3886 31 1 64 0 
3887 49 0 84 0 
3888 108 0 126 0 
3889 54 0 62 1 
3890 12 1 109 0 
3891 12 1 31 1 
3892 3 1 12 1 
3893 12 1 95 1 
3894 44 0 73 1 
3895 95 1 123 0 
3896 28 0 67 1 
3897 93 0 109 0 
3898 87 0 113 1 
3899 41 0 67 1 
3900 6 1 36 0 
3901 51 1 100 0 
3902 6 1 70 0 
3903 88 1 125 0 
3904 13 1 88 1 
3905 85 0 88 1 
3906 71 1 88 1 
3907 88 1 104 0 
3908 10 1 42 0 
3909 30 0 64 0 
3910 12 1 126 0 
3911 15 1 44 0 
3912 44 0 45 0 
3913 44 0 62 1 
3914 44 0 109 0 
3915 37 0 44 0 
3916 67 1 113 1 
3917 24 1 93 0 
3918 78 1 97 0 
3919 92 1 117 1 
3920 13 1 120 0 
3921 6 1 120 0 
3922 32 1 120 0 
3923 22 1 53 1 
3924 50 0 95 1 
3925 40 1 50 0 
3926 12 1 50 0 
3927 69 1 99 1 
3928 10 1 122 1 
3929 72 0 116 0 
3930 34 0 61 0 
3931 57 0 79 0 
3932 45 0 79 0 
3933 61 0 123 0 
3934 92 1 123 0 
3935 7 1 109 0 
3936 7 1 8 0 
3937 7 1 99 1 
3938 7 1 132 1 
3939 68 1 101 1 
3940 58 1 101 1 
3941 22 1 30 0 
3942 30 0 100 0 
3943 26 1 30 0 
3944 30 0 73 1 
3945 14 0 87 0 
3946 25 0 67 1 
3947 67 1 99 1 
3948 103 0 107 0 
3949 23 0 36 0 
3950 44 0 66 1 
3951 8 0 60 0 
3952 60 0 67 1 
3953 85 0 104 0 
3954 50 0 123 0 
3955 34 0 92 1 
3956 79 0 101 1 
3957 14 0 99 1 
3958 39 1 131 1 
3959 105 0 116 0 
3960 4 0 6 1 
3961 66 1 132 1 
3962 96 1 117 1 
3963 2 1 117 1 
3964 100 0 125 0 
3965 59 0 79 0 
3966 34 0 59 0 
3967 15 1 52 0 
3968 32 1 103 0 
3969 105 0 112 0 
3970 77 0 112 0 
3971 112 0 125 0 
3972 112 0 132 1 
3973 46 1 66 1 
3974 46 1 133 1 
3975 46 1 84 0 
3976 20 0 46 1 
3977 71 1 116 0 
3978 5 0 16 0 
3979 3 1 16 0 
3980 16 0 88 1 
3981 71 1 119 0 
3982 7 1 110 1 
3983 59 0 64 0 
3984 26 1 100 0 
3985 69 1 126 0 
3986 15 1 33 1 
3987 19 1 88 1 
3988 78 1 116 0 
3989 34 0 38 0 
3990 63 1 100 0 
3991 52 0 94 0 
3992 39 1 52 0 
3993 22 1 60 0 
3994 57 0 63 1 
3995 60 0 129 0 
3996 3 1 129 0 
3997 64 0 129 0 
3998 25 0 112 0 
3999 66 1 70 0 
4000 70 0 81 0 
4001 71 1 110 1 
4002 35 0 117 1 
4003 72 0 110 1 
4004 22 1 120 0 
4005 46 1 127 1 
4006 52 0 73 1 
4007 23 0 96 1 
4008 84 0 127 1 
4009 63 1 84 0 
4010 8 0 76 0 
4011 18 0 55 1 
4012 15 1 70 0 
4013 7 1 35 0 
4014 35 0 91 1 
4015 35 0 69 1 
4016 35 0 98 1 
4017 71 1 130 1 
4018 71 1 86 1 
4019 67 1 90 1 
4020 12 1 120 0 
4021 8 0 23 0 
4022 15 1 109 0 
4023 1 1 19 1 
4024 114 0 124 1 
4025 8 0 22 1 
4026 82 1 110 1 
4027 58 1 59 0 
4028 5 0 122 1 
4029 100 0 130 1 
4030 0 1 8 0 
4031 109 0 126 0 
4032 66 1 109 0 
4033 6 1 109 0 
4034 74 0 109 0 
4035 109 0 121 1 
4036 64 0 80 0 
4037 64 0 126 0 
4038 44 0 64 0 
4039 63 1 64 0 
4040 64 0 74 0 
4041 14 0 117 1 
4042 31 1 128 0 
4043 43 0 90 1 
4044 35 0 40 1 
4045 30 0 118 0 
4046 7 1 86 1 
4047 38 0 117 1 
4048 33 1 87 0 
4049 98 1 129 0 
4050 52 0 66 1 
4051 60 0 121 1 
4052 38 0 125 0 
4053 0 1 125 0 
4054 31 1 125 0 
4055 98 1 125 0 
4056 99 1 125 0 
4057 110 1 125 0 
4058 36 0 125 0 
4059 50 0 61 0 
4060 105 0 126 0 
4061 45 0 126 0 
4062 10 1 126 0 
4063 93 0 126 0 
4064 126 0 129 0 
4065 93 0 110 1 
4066 42 0 77 0 
4067 20 0 69 1 
4068 87 0 88 1 
4069 75 0 98 1 
4070 105 0 130 1 
4071 28 0 31 1 
4072 28 0 72 0 
4073 28 0 111 0 
4074 4 0 103 0 
4075 2 1 18 0 
4076 87 0 117 1 
4077 92 1 110 1 
4078 17 1 92 1 
4079 15 1 92 1 
4080 2 1 92 1 
4081 0 1 70 0 
4082 94 0 128 0 
4083 58 1 61 0 
4084 5 0 58 1 
4085 19 1 128 0 
4086 59 0 110 1 
4087 108 0 111 0 
4088 81 0 123 0 
4089 7 1 27 0 
4090 15 1 71 1 
4091 1 1 28 0 
4092 114 0 121 1 
4093 29 1 114 0 
4094 33 1 115 0 
4095 39 1 127 1 
4096 20 0 82 1 
4097 82 1 104 0 
4098 5 0 78 1 
4099 43 0 67 1 
4100 50 0 100 0 
4101 4 0 15 1 
4102 10 1 103 0 
4103 50 0 84 0 
4104 9 1 73 1 
4105 73 1 118 0 
4106 38 0 80 0 
4107 7 1 82 1 
4108 1 1 118 0 
4109 75 0 126 0 
4110 75 0 132 1 
4111 5 0 14 0 
4112 72 0 101 1 
4113 78 1 82 1 
4114 21 0 130 1 
4115 5 0 31 1 
4116 33 1 124 1 
4117 13 1 79 0 
4118 79 0 86 1 
4119 18 0 89 1 
4120 67 1 110 1 
4121 32 1 124 1 
4122 82 1 87 0 
4123 119 0 132 1 
4124 41 0 111 0 
4125 36 0 75 0 
4126 54 0 122 1 
4127 15 1 82 1 
4128 30 0 87 0 
4129 123 0 129 0 
4130 18 0 123 0 
4131 50 0 128 0 
4132 92 1 96 1 
4133 46 1 111 0 
4134 53 1 81 0 
4135 13 1 104 0 
4136 57 0 72 0 
4137 57 0 75 0 
4138 17 1 100 0 
4139 58 1 67 1 
4140 85 0 119 0 
4141 18 0 75 0 
4142 18 0 69 1 
4143 20 0 84 0 
4144 70 0 107 0 
4145 70 0 99 1 
4146 19 1 61 0 
4147 116 0 119 0 
4148 8 0 96 1 
4149 8 0 50 0 
4150 8 0 19 1 
4151 8 0 40 1 
4152 8 0 39 1 
4153 43 0 57 0 
4154 57 0 83 1 
4155 53 1 70 0 
4156 1 1 40 1 
4157 82 1 83 1 
4158 9 1 41 0 
4159 3 1 118 0 
4160 30 0 88 1 
4161 126 0 132 1 
4162 3 1 112 0 
4163 94 0 105 0 
4164 84 0 113 1 
4165 52 0 64 0 
4166 68 1 113 1 
4167 15 1 68 1 
4168 124 1 128 0 
4169 20 0 93 0 
4170 93 0 98 1 
4171 48 1 85 0 
4172 16 0 85 0 
4173 30 0 85 0 
4174 85 0 111 0 
4175 85 0 114 0 
4176 73 1 79 0 
4177 35 0 77 0 
4178 50 0 108 0 
4179 92 1 118 0 
4180 23 0 117 1 
4181 62 1 110 1 
4182 29 1 44 0 
4183 75 0 105 0 
4184 105 0 124 1 
4185 33 1 94 0 
4186 82 1 92 1 
4187 58 1 92 1 
4188 49 0 81 0 
4189 92 1 108 0 
4190 99 1 126 0 
4191 6 1 71 1 
4192 24 1 71 1 
4193 20 0 71 1 
4194 30 0 71 1 
4195 18 0 108 0 
4196 1 1 126 0 
4197 5 0 22 1 
4198 22 1 92 1 
4199 22 1 119 0 
4200 47 0 69 1 
4201 77 0 130 1 
4202 13 1 77 0 
4203 28 0 46 1 
4204 50 0 62 1 
4205 17 1 42 0 
4206 23 0 67 1 
4207 10 1 69 1 
4208 102 1 123 0 
4209 17 1 50 0 
4210 83 1 130 1 
4211 120 0 130 1 
4212 53 1 130 1 
4213 23 0 130 1 
4214 109 0 127 1 
4215 82 1 127 1 
4216 73 1 109 0 
4217 77 0 99 1 
4218 24 1 89 1 
4219 23 0 24 1 
4220 13 1 93 0 
4221 18 0 103 0 
4222 66 1 116 0 
4223 14 0 69 1 
4224 4 0 69 1 
4225 69 1 86 1 
4226 2 1 19 1 
4227 8 0 71 1 
4228 87 0 104 0 
4229 30 0 56 1 
4230 14 0 94 0 
4231 28 0 88 1 
4232 47 0 94 0 
4233 67 1 125 0 
4234 47 0 83 1 
4235 49 0 77 0 
4236 23 0 124 1 
4237 0 1 102 1 
4238 16 0 25 0 
4239 8 0 64 0 
4240 39 1 88 1 
4241 22 1 118 0 
4242 29 1 83 1 
4243 64 0 120 0 
4244 34 0 55 1 
4245 52 0 100 0 
4246 52 0 121 1 
4247 42 0 90 1 
4248 26 1 42 0 
4249 3 1 42 0 
4250 15 1 42 0 
4251 1 1 61 0 
4252 34 0 95 1 
4253 34 0 54 0 
4254 54 0 118 0 
4255 29 1 74 0 
4256 10 1 129 0 
4257 58 1 81 0 
4258 58 1 82 1 
4259 47 0 119 0 
4260 8 0 85 0 
4261 45 0 116 0 
4262 45 0 119 0 
4263 7 1 21 0 
4264 36 0 97 0 
4265 37 0 120 0 
4266 58 1 118 0 
4267 41 0 118 0 
4268 17 1 65 1 
4269 28 0 106 0 
4270 49 0 50 0 
4271 39 1 91 1 
4272 82 1 124 1 
4273 111 0 124 1 
4274 37 0 61 0 
4275 12 1 16 0 
4276 90 1 112 0 
4277 62 1 111 0 
4278 10 1 54 0 
4279 54 0 109 0 
4280 52 0 99 1 
4281 41 0 58 1 
4282 33 1 69 1 
4283 83 1 99 1 
4284 94 0 97 0 
4285 15 1 72 0 
4286 43 0 77 0 
4287 46 1 109 0 
4288 46 1 74 0 
4289 29 1 41 0 
4290 114 0 122 1 
4291 82 1 96 1 
4292 82 1 102 1 
4293 82 1 120 0 
4294 3 1 66 1 
4295 9 1 81 0 
4296 80 0 96 1 
4297 96 1 116 0 
4298 96 1 121 1 
4299 0 1 96 1 
4300 68 1 132 1 
4301 98 1 132 1 
4302 71 1 132 1 
4303 84 0 132 1 
4304 21 0 30 0 
4305 68 1 124 1 
4306 103 0 124 1 
4307 39 1 43 0 
4308 39 1 46 1 
4309 5 0 38 0 
4310 42 0 117 1 
4311 13 1 117 1 
4312 33 1 93 0 
4313 22 1 109 0 
4314 25 0 109 0 
4315 109 0 120 0 
4316 99 1 109 0 
4317 14 0 109 0 
4318 13 1 75 0 
4319 38 0 124 1 
4320 38 0 79 0 
4321 38 0 99 1 
4322 39 1 49 0 
4323 25 0 27 0 
4324 29 1 109 0 
4325 40 1 108 0 
4326 36 0 98 1 
4327 40 1 47 0 
4328 26 1 68 1 
4329 37 0 115 0 
4330 12 1 88 1 
4331 100 0 111 0 
4332 38 0 93 0 
4333 84 0 106 0 
4334 37 0 119 0 
4335 45 0 108 0 
4336 45 0 124 1 
4337 34 0 45 0 
4338 18 0 58 1 
4339 58 1 125 0 
4340 40 1 132 1 
4341 96 1 97 0 
4342 50 0 119 0 
4343 98 1 130 1 
4344 40 1 130 1 
4345 26 1 124 1 
4346 123 0 124 1 
4347 34 0 100 0 
4348 46 1 107 0 
4349 29 1 94 0 
4350 38 0 97 0 
4351 73 1 97 0 
4352 13 1 100 0 
4353 100 0 121 1 
4354 40 1 100 0 
4355 29 1 85 0 
4356 13 1 26 1 
4357 13 1 80 0 
4358 13 1 127 1 
4359 2 1 13 1 
4360 19 1 73 1 
4361 35 0 50 0 
4362 8 0 41 0 
4363 64 0 72 0 
4364 72 0 114 0 
4365 77 0 85 0 
4366 47 0 67 1 
4367 48 1 97 0 
4368 69 1 97 0 
4369 59 0 122 1 
4370 43 0 125 0 
4371 43 0 82 1 
4372 43 0 85 0 
4373 13 1 28 0 
4374 28 0 105 0 
4375 28 0 64 0 
4376 29 1 53 1 
4377 20 0 51 1 
4378 67 1 120 0 
4379 30 0 35 0 
4380 42 0 115 0 
4381 29 1 126 0 
4382 40 1 110 1 
4383 19 1 80 0 
4384 19 1 111 0 
4385 19 1 36 0 
4386 8 0 80 0 
4387 29 1 37 0 
4388 29 1 108 0 
4389 29 1 67 1 
4390 42 0 83 1 
4391 39 1 81 0 
4392 39 1 61 0 
4393 39 1 120 0 
4394 45 0 48 1 
4395 45 0 62 1 
4396 45 0 83 1 
4397 118 0 125 0 
4398 10 1 20 0 
4399 23 0 127 1 
4400 66 1 115 0 
4401 75 0 116 0 
4402 46 1 85 0 
4403 126 0 127 1 
4404 19 1 83 1 
4405 35 0 46 1 
4406 17 1 95 1 
4407 42 0 67 1 
4408 67 1 109 0 
4409 26 1 34 0 
4410 27 0 34 0 
4411 34 0 88 1 
4412 8 0 42 0 
4413 78 1 91 1 
4414 83 1 85 0 
4415 21 0 55 1 
4416 50 0 66 1 
4417 41 0 121 1 
4418 45 0 75 0 
4419 114 0 126 0 
4420 17 1 57 0 
4421 41 0 129 0 
4422 90 1 96 1 
4423 9 1 88 1 
4424 31 1 79 0 
4425 51 1 101 1 
4426 45 0 96 1 
4427 67 1 131 1 
4428 35 0 107 0 
4429 111 0 130 1 
4430 49 0 125 0 
4431 20 0 41 0 
4432 79 0 108 0 
4433 30 0 99 1 
4434 52 0 65 1 
4435 82 1 114 0 
4436 37 0 93 0 
4437 54 0 124 1 
4438 36 0 77 0 
4439 52 0 90 1 
4440 32 1 87 0 
4441 59 0 75 0 
4442 105 0 129 0 
4443 71 1 102 1 
4444 103 0 129 0 
4445 64 0 123 0 
4446 62 1 69 1 
4447 62 1 109 0 
4448 55 1 80 0 
4449 80 0 115 0 
4450 25 0 80 0 
4451 6 1 116 0 
4452 20 0 72 0 
4453 52 0 56 1 
4454 65 1 84 0 
4455 53 1 84 0 
4456 82 1 84 0 
4457 63 1 127 1 
4458 11 1 94 0 
4459 84 0 122 1 
4460 43 0 66 1 
4461 66 1 129 0 
4462 106 0 132 1 
4463 125 0 129 0 
4464 22 1 81 0 
4465 51 1 113 1 
4466 44 0 78 1 
4467 23 0 44 0 
4468 14 0 44 0 
4469 0 1 44 0 
4470 21 0 63 1 
4471 1 1 41 0 
4472 5 0 68 1 
4473 54 0 120 0 
4474 14 0 84 0 
4475 117 1 128 0 
4476 46 1 49 0 
4477 56 1 82 1 
4478 27 0 65 1 
4479 10 1 45 0 
4480 63 1 114 0 
4481 21 0 33 1 
4482 0 1 90 1 
4483 23 0 128 0 
4484 103 0 113 1 
4485 27 0 101 1 
4486 107 0 128 0 
4487 32 1 130 1 
4488 52 0 79 0 
4489 62 1 120 0 
4490 118 0 128 0 
4491 86 1 118 0 
4492 10 1 50 0 
4493 5 0 98 1 
4494 20 0 98 1 
4495 23 0 75 0 
4496 38 0 95 1 
4497 38 0 127 1 
4498 38 0 88 1 
4499 86 1 119 0 
4500 0 1 105 0 
4501 74 0 124 1 
4502 29 1 40 1 
4503 0 1 29 1 
4504 29 1 93 0 
4505 21 0 116 0 
4506 101 1 124 1 
4507 15 1 56 1 
4508 23 0 56 1 
4509 56 1 110 1 
4510 77 0 79 0 
4511 3 1 105 0 
4512 16 0 122 1 
4513 114 0 130 1 
4514 65 1 114 0 
4515 114 0 120 0 
4516 40 1 114 0 
4517 111 0 114 0 
4518 85 0 107 0 
4519 83 1 101 1 
4520 28 0 51 1 
4521 9 1 80 0 
4522 16 0 61 0 
4523 40 1 120 0 
4524 40 1 77 0 
4525 40 1 62 1 
4526 40 1 83 1 
4527 39 1 80 0 
4528 39 1 107 0 
4529 39 1 62 1 
4530 25 0 113 1 
4531 84 0 85 0 
4532 10 1 77 0 
4533 41 0 46 1 
4534 26 1 37 0 
4535 105 0 120 0 
4536 31 1 42 0 
4537 30 0 84 0 
4538 30 0 58 1 
4539 87 0 99 1 
4540 56 1 66 1 
4541 56 1 88 1 
4542 31 1 124 1 
4543 0 1 24 1 
4544 28 0 83 1 
4545 15 1 74 0 
4546 35 0 82 1 
4547 83 1 125 0 
4548 18 0 130 1 
4549 10 1 104 0 
4550 63 1 66 1 
4551 11 1 72 0 
4552 64 0 106 0 
4553 20 0 120 0 
4554 69 1 120 0 
4555 40 1 41 0 
4556 41 0 116 0 
4557 41 0 86 1 
4558 10 1 82 1 
4559 26 1 82 1 
4560 42 0 114 0 
4561 16 0 114 0 
4562 15 1 98 1 
4563 98 1 99 1 
4564 3 1 110 1 
4565 16 0 32 1 
4566 27 0 53 1 
4567 82 1 86 1 
4568 5 0 19 1 
4569 67 1 118 0 
4570 15 1 130 1 
4571 82 1 115 0 
4572 50 0 105 0 
4573 28 0 89 1 
4574 8 0 34 0 
4575 11 1 122 1 
4576 18 0 39 1 
4577 39 1 67 1 
4578 0 1 33 1 
4579 33 1 114 0 
4580 49 0 126 0 
4581 6 1 113 1 
4582 14 0 83 1 
4583 14 0 64 0 
4584 14 0 132 1 
4585 14 0 91 1 
4586 19 1 108 0 
4587 53 1 77 0 
4588 27 0 32 1 
4589 27 0 90 1 
4590 8 0 17 1 
4591 46 1 83 1 
4592 3 1 87 0 
4593 8 0 87 0 
4594 29 1 87 0 
4595 105 0 110 1 
4596 8 0 114 0 
4597 73 1 87 0 
4598 2 1 87 0 
4599 22 1 117 1 
4600 45 0 82 1 
4601 37 0 96 1 
4602 33 1 96 1 
4603 57 0 96 1 
4604 71 1 76 0 
4605 43 0 124 1 
4606 43 0 62 1 
4607 25 0 96 1 
4608 19 1 121 1 
4609 103 0 117 1 
4610 92 1 132 1 
4611 24 1 115 0 
4612 79 0 84 0 
4613 112 0 121 1 
4614 17 1 90 1 
4615 67 1 103 0 
4616 103 0 131 1 
4617 103 0 122 1 
4618 103 0 127 1 
4619 53 1 115 0 
4620 30 0 53 1 
4621 53 1 123 0 
4622 28 0 107 0 
4623 48 1 117 1 
4624 16 0 104 0 
4625 48 1 126 0 
4626 101 1 126 0 
4627 30 0 126 0 
4628 22 1 54 0 
4629 58 1 129 0 
4630 64 0 93 0 
4631 23 0 30 0 
4632 76 0 118 0 
4633 105 0 118 0 
4634 69 1 118 0 
4635 8 0 74 0 
4636 28 0 126 0 
4637 28 0 58 1 
4638 47 0 58 1 
4639 56 1 85 0 
4640 68 1 112 0 
4641 21 0 103 0 
4642 37 0 65 1 
4643 115 0 127 1 
4644 41 0 127 1 
4645 77 0 126 0 
4646 59 0 83 1 
4647 19 1 42 0 
4648 60 0 114 0 
4649 87 0 102 1 
4650 111 0 117 1 
4651 104 0 117 1 
4652 51 1 52 0 
4653 51 1 130 1 
4654 51 1 84 0 
4655 12 1 51 1 
4656 5 0 39 1 
4657 29 1 34 0 
4658 94 0 111 0 
4659 57 0 111 0 
4660 68 1 120 0 
4661 111 0 120 0 
4662 7 1 41 0 
4663 100 0 129 0 
4664 70 0 93 0 
4665 78 1 103 0 
4666 70 0 103 0 
4667 72 0 129 0 
4668 72 0 92 1 
4669 20 0 60 0 
4670 20 0 127 1 
4671 83 1 107 0 
4672 14 0 16 0 
4673 93 0 113 1 
4674 36 0 90 1 
4675 36 0 126 0 
4676 11 1 36 0 
4677 27 0 36 0 
4678 61 0 86 1 
4679 1 1 20 0 
4680 4 0 27 0 
4681 29 1 79 0 
4682 31 1 32 1 
4683 77 0 131 1 
4684 22 1 83 1 
4685 18 0 110 1 
4686 4 0 82 1 
4687 4 0 71 1 
4688 34 0 85 0 
4689 85 0 92 1 
4690 21 0 23 0 
4691 21 0 73 1 
4692 42 0 97 0 
4693 94 0 104 0 
4694 34 0 104 0 
4695 4 0 104 0 
4696 45 0 104 0 
4697 104 0 132 1 
4698 3 1 20 0 
4699 94 0 99 1 
4700 17 1 99 1 
4701 36 0 118 0 
4702 26 1 36 0 
4703 24 1 101 1 
4704 64 0 97 0 
4705 111 0 119 0 
4706 119 0 122 1 
4707 72 0 108 0 
4708 41 0 45 0 
4709 1 1 130 1 
4710 1 1 115 0 
4711 1 1 92 1 
4712 20 0 113 1 
4713 1 1 5 0 
4714 1 1 131 1 
4715 51 1 110 1 
4716 6 1 33 1 
4717 1 1 16 0 
4718 4 0 74 0 
4719 8 0 25 0 
4720 50 0 82 1 
4721 127 1 132 1 
4722 64 0 79 0 
4723 18 0 60 0 
4724 94 0 129 0 
4725 39 1 77 0 
4726 5 0 41 0 
4727 110 1 128 0 
4728 84 0 87 0 
4729 7 1 37 0 
4730 95 1 100 0 
4731 34 0 44 0 
4732 51 1 81 0 
4733 75 0 123 0 
4734 40 1 58 1 
4735 2 1 40 1 
4736 25 0 90 1 
4737 53 1 122 1 
4738 5 0 64 0 
4739 20 0 37 0 
4740 7 1 101 1 
4741 16 0 54 0 
4742 61 0 73 1 
4743 32 1 96 1 
4744 86 1 96 1 
4745 106 0 128 0 
4746 111 0 128 0 
4747 3 1 128 0 
4748 2 1 21 0 
4749 85 0 96 1 
4750 96 1 101 1 
4751 63 1 80 0 
4752 15 1 114 0 
4753 22 1 114 0 
4754 100 0 109 0 
4755 69 1 90 1 
4756 72 0 112 0 
4757 21 0 68 1 
4758 29 1 30 0 
4759 16 0 95 1 
4760 43 0 59 0 
4761 18 0 59 0 
4762 105 0 117 1 
4763 37 0 73 1 
4764 6 1 115 0 
4765 15 1 104 0 
4766 53 1 75 0 
4767 9 1 22 1 
4768 7 1 94 0 
4769 49 0 105 0 
4770 12 1 110 1 
4771 69 1 131 1 
4772 59 0 127 1 
4773 59 0 119 0 
4774 1 1 25 0 
4775 15 1 66 1 
4776 122 1 128 0 
4777 24 1 128 0 
4778 50 0 78 1 
4779 39 1 45 0 
4780 76 0 112 0 
4781 27 0 45 0 
4782 85 0 117 1 
4783 18 0 68 1 
4784 67 1 75 0 
4785 74 0 132 1 
4786 18 0 132 1 
4787 84 0 125 0 
4788 3 1 14 0 
4789 27 0 107 0 
4790 82 1 85 0 
4791 43 0 119 0 
4792 20 0 109 0 
4793 20 0 23 0 
4794 57 0 110 1 
4795 13 1 29 1 
4796 65 1 96 1 
4797 26 1 28 0 
4798 43 0 132 1 
4799 101 1 118 0 
4800 118 0 132 1 
4801 93 0 118 0 
4802 10 1 73 1 
4803 4 0 10 1 
4804 6 1 108 0 
4805 61 0 99 1 
4806 6 1 85 0 
4807 3 1 95 1 
4808 47 0 100 0 
4809 80 0 86 1 
4810 17 1 82 1 
4811 17 1 33 1 
4812 17 1 111 0 
4813 17 1 43 0 
4814 17 1 36 0 
4815 5 0 54 0 
4816 36 0 58 1 
4817 39 1 75 0 
4818 28 0 35 0 
4819 12 1 34 0 
4820 34 0 83 1 
4821 15 1 79 0 
4822 10 1 68 1 
4823 62 1 103 0 
4824 15 1 22 1 
4825 68 1 110 1 
4826 23 0 84 0 
4827 94 0 95 1 
4828 81 0 103 0 
4829 5 0 83 1 
4830 83 1 116 0 
4831 97 0 110 1 
4832 70 0 86 1 
4833 68 1 95 1 
4834 19 1 57 0 
4835 57 0 62 1 
4836 99 1 119 0 
4837 77 0 123 0 
4838 1 1 34 0 
4839 78 1 96 1 
4840 1 1 96 1 
4841 73 1 90 1 
4842 15 1 37 0 
4843 6 1 15 1 
4844 78 1 117 1 
4845 84 0 94 0 
4846 66 1 90 1 
4847 6 1 58 1 
4848 63 1 110 1 
4849 7 1 32 1 
4850 39 1 123 0 
4851 20 0 77 0 
4852 64 0 119 0 
4853 77 0 107 0 
4854 50 0 107 0 
4855 108 0 129 0 
4856 71 1 118 0 
4857 19 1 129 0 
4858 26 1 57 0 
4859 53 1 108 0 
4860 44 0 120 0 
4861 50 0 93 0 
4862 46 1 48 1 
4863 74 0 75 0 
4864 118 0 122 1 
4865 43 0 54 0 
4866 23 0 119 0 
4867 28 0 42 0 
4868 28 0 81 0 
4869 100 0 106 0 
4870 4 0 116 0 
4871 83 1 111 0 
4872 59 0 71 1 
4873 29 1 132 1 
4874 1 1 132 1 
4875 12 1 14 0 
4876 15 1 31 1 
4877 57 0 113 1 
4878 0 1 65 1 
4879 4 0 8 0 
4880 4 0 113 1 
4881 32 1 117 1 
4882 107 0 117 1 
4883 13 1 72 0 
4884 65 1 70 0 
4885 60 0 65 1 
4886 7 1 65 1 
4887 18 0 98 1 
4888 18 0 46 1 
4889 19 1 20 0 
4890 125 0 127 1 
4891 46 1 80 0 
4892 10 1 78 1 
4893 50 0 122 1 
4894 13 1 119 0 
4895 29 1 61 0 
4896 49 0 67 1 
4897 13 1 46 1 
4898 57 0 100 0 
4899 61 0 113 1 
4900 18 0 121 1 
4901 23 0 41 0 
4902 21 0 91 1 
4903 20 0 22 1 
4904 20 0 91 1 
4905 10 1 85 0 
4906 120 0 132 1 
4907 64 0 70 0 
4908 27 0 112 0 
4909 34 0 68 1 
4910 80 0 119 0 
4911 18 0 92 1 
4912 29 1 50 0 
4913 71 1 106 0 
4914 47 0 91 1 
4915 19 1 122 1 
4916 108 0 109 0 
4917 35 0 108 0 
4918 73 1 88 1 
4919 21 0 32 1 
4920 1 1 13 1 
4921 69 1 77 0 
4922 73 1 85 0 
4923 56 1 73 1 
4924 53 1 73 1 
4925 30 0 82 1 
4926 84 0 103 0 
4927 21 0 94 0 
4928 21 0 128 0 
4929 65 1 102 1 
4930 57 0 60 0 
4931 26 1 35 0 
4932 51 1 123 0 
4933 27 0 72 0 
4934 18 0 64 0 
4935 19 1 27 0 
4936 13 1 27 0 
4937 27 0 130 1 
4938 40 1 125 0 
4939 72 0 90 1 
4940 28 0 74 0 
4941 104 0 110 1 
4942 115 0 128 0 
4943 85 0 90 1 
4944 16 0 87 0 
4945 30 0 110 1 
4946 129 0 132 1 
4947 51 1 132 1 
4948 69 1 85 0 
4949 19 1 113 1 
4950 54 0 66 1 
4951 95 1 126 0 
4952 28 0 112 0 
4953 43 0 88 1 
4954 28 0 130 1 
4955 74 0 130 1 
4956 0 1 5 0 
4957 32 1 57 0 
4958 7 1 43 0 
4959 7 1 25 0 
4960 7 1 108 0 
4961 15 1 75 0 
4962 64 0 88 1 
4963 7 1 54 0 
4964 80 0 82 1 
4965 37 0 82 1 
4966 47 0 63 1 
4967 84 0 109 0 
4968 87 0 131 1 
4969 49 0 103 0 
4970 22 1 86 1 
4971 69 1 106 0 
4972 31 1 100 0 
4973 15 1 90 1 
4974 15 1 73 1 
4975 18 0 31 1 
4976 20 0 118 0 
4977 31 1 118 0 
4978 40 1 118 0 
4979 17 1 49 0 
4980 49 0 69 1 
4981 76 0 127 1 
4982 5 0 29 1 
4983 35 0 92 1 
4984 1 1 2 1 
4985 54 0 78 1 
4986 54 0 61 0 
4987 76 0 109 0 
4988 105 0 123 0 
4989 108 0 124 1 
4990 24 1 68 1 
4991 24 1 111 0 
4992 24 1 107 0 
4993 1 1 108 0 
4994 23 0 28 0 
4995 46 1 110 1 
4996 106 0 124 1 
4997 64 0 111 0 
4998 2 1 33 1 
4999 12 1 116 0 
5000 29 1 38 0 
5001 38 0 83 1 
5002 20 0 55 1 
5003 64 0 104 0 
5004 15 1 126 0 
5005 47 0 111 0 
5006 6 1 51 1 
5007 7 1 95 1 
5008 58 1 85 0 
5009 39 1 66 1 
5010 54 0 79 0 
5011 31 1 71 1 
5012 93 0 112 0 
5013 42 0 92 1 
5014 52 0 93 0 
5015 21 0 31 1 
5016 116 0 129 0 
5017 90 1 95 1 
5018 41 0 71 1 
5019 96 1 98 1 
5020 19 1 127 1 
5021 21 0 84 0 
5022 1 1 3 1 
5023 42 0 85 0 
5024 19 1 130 1 
5025 19 1 87 0 
5026 79 0 132 1 
5027 51 1 56 1 
5028 25 0 77 0 
5029 30 0 113 1 
5030 32 1 43 0 
5031 26 1 85 0 
5032 26 1 118 0 
5033 10 1 128 0 
5034 10 1 12 1 
5035 27 0 78 1 
5036 67 1 98 1 
5037 88 1 102 1 
5038 39 1 95 1 
5039 78 1 112 0 
5040 9 1 69 1 
5041 47 0 113 1 
5042 5 0 60 0 
5043 58 1 103 0 
5044 26 1 123 0 
5045 15 1 77 0 
5046 19 1 50 0 
5047 82 1 112 0 
5048 3 1 46 1 
5049 9 1 39 1 
5050 14 0 66 1 
5051 14 0 131 1 
5052 41 0 63 1 
5053 113 1 124 1 
5054 23 0 46 1 
5055 47 0 72 0 
5056 75 0 78 1 
5057 58 1 79 0 
5058 37 0 62 1 
5059 5 0 128 0 
5060 29 1 103 0 
5061 44 0 86 1 
5062 42 0 127 1 
5063 21 0 61 0 
5064 60 0 98 1 
5065 91 1 123 0 
5066 27 0 92 1 
5067 29 1 81 0 
5068 29 1 100 0 
5069 88 1 98 1 
5070 57 0 108 0 
5071 60 0 112 0 
5072 60 0 75 0 
5073 9 1 60 0 
5074 60 0 73 1 
5075 71 1 95 1 
5076 71 1 103 0 
5077 35 0 59 0 
5078 113 1 118 0 
5079 19 1 79 0 
5080 24 1 118 0 
5081 38 0 130 1 
5082 18 0 111 0 
5083 18 0 47 0 
5084 37 0 83 1 
5085 46 1 72 0 
5086 86 1 98 1 
5087 0 1 82 1 
5088 96 1 132 1 
5089 39 1 85 0 
5090 48 1 94 0 
5091 95 1 109 0 
5092 33 1 131 1 
5093 1 1 90 1 
5094 9 1 75 0 
5095 8 0 110 1 
5096 19 1 96 1 
5097 21 0 102 1 
5098 19 1 21 0 
5099 16 0 35 0 
5100 41 0 47 0 
5101 60 0 87 0 
5102 111 0 113 1 
5103 26 1 130 1 
5104 3 1 26 1 
5105 35 0 54 0 
5106 35 0 74 0 
5107 45 0 55 1 
5108 38 0 56 1 
5109 35 0 81 0 
5110 42 0 110 1 
5111 33 1 38 0 
5112 42 0 116 0 
5113 37 0 126 0 
5114 19 1 126 0 
5115 0 1 47 0 
5116 46 1 78 1 
5117 37 0 53 1 
5118 37 0 123 0 
5119 37 0 64 0 
5120 5 0 21 0 
5121 41 0 113 1 
5122 51 1 66 1 
5123 35 0 63 1 
5124 1 1 51 1 
5125 94 0 119 0 
5126 77 0 108 0 
5127 20 0 53 1 
5128 37 0 104 0 
5129 40 1 88 1 
5130 51 1 121 1 
5131 43 0 97 0 
5132 17 1 113 1 
5133 63 1 95 1 
5134 88 1 95 1 
5135 89 1 100 0 
5136 28 0 100 0 
5137 43 0 75 0 
5138 36 0 115 0 
5139 78 1 113 1 
5140 109 0 128 0 
5141 27 0 68 1 
5142 10 1 106 0 
5143 48 1 106 0 
5144 65 1 93 0 
5145 86 1 121 1 
5146 107 0 109 0 
5147 96 1 126 0 
5148 77 0 82 1 
5149 111 0 116 0 
5150 42 0 125 0 
5151 56 1 106 0 
5152 32 1 86 1 
5153 31 1 46 1 
5154 19 1 66 1 
5155 7 1 38 0 
5156 10 1 21 0 
5157 38 0 118 0 
5158 8 0 49 0 
5159 19 1 41 0 
5160 99 1 110 1 
5161 4 0 117 1 
5162 50 0 104 0 
5163 13 1 60 0 
5164 31 1 97 0 
5165 46 1 130 1 
5166 100 0 122 1 
5167 61 0 68 1 
5168 22 1 23 0 
5169 69 1 109 0 
5170 8 0 43 0 
5171 81 0 82 1 
5172 64 0 75 0 
5173 19 1 99 1 
5174 2 1 68 1 
