0 0 0 116 0 
1 3 0 73 0 
2 3 0 58 0 
3 4 1 65 0 
4 7 0 60 1 
5 8 1 35 1 
6 11 0 28 0 
7 11 0 115 1 
8 11 0 67 0 
9 11 0 40 0 
10 12 0 79 1 
11 6 1 13 1 
12 13 1 105 1 
13 5 0 13 1 
14 7 0 13 1 
15 13 1 54 0 
16 13 1 111 1 
17 13 1 30 0 
18 0 0 13 1 
19 14 0 36 0 
20 15 0 58 0 
21 16 0 47 0 
22 16 0 27 1 
23 18 0 112 0 
24 19 1 78 1 
25 19 1 62 0 
26 20 0 81 0 
27 20 0 125 1 
28 18 0 20 0 
29 21 1 28 0 
30 21 1 75 0 
31 12 0 24 0 
32 24 0 57 1 
33 25 1 83 1 
34 9 0 26 0 
35 26 0 58 0 
36 27 1 74 0 
37 27 1 98 1 
38 28 0 43 0 
39 18 0 28 0 
40 29 1 48 1 
41 29 1 97 1 
42 15 0 55 0 
43 15 0 110 0 
44 10 0 94 1 
45 10 0 15 0 
46 10 0 119 0 
47 7 0 33 0 
48 33 0 52 0 
49 33 0 120 0 
50 33 0 62 0 
51 33 0 72 1 
52 23 1 29 1 
53 29 1 123 1 
54 7 0 130 1 
55 7 0 117 0 
56 34 0 79 1 
57 35 1 41 1 
58 6 1 35 1 
59 11 0 25 1 
60 25 1 115 1 
61 36 0 71 0 
62 36 0 123 1 
63 36 0 41 1 
64 37 1 85 1 
65 39 0 65 0 
66 16 0 40 0 
67 24 0 42 1 
68 43 0 50 1 
69 44 1 94 1 
70 2 1 32 1 
71 47 0 49 1 
72 47 0 80 0 
73 47 0 120 0 
74 47 0 56 0 
75 48 1 100 1 
76 9 0 125 1 
77 49 1 127 1 
78 31 1 49 1 
79 6 1 19 1 
80 50 1 125 1 
81 22 1 51 1 
82 41 1 51 1 
83 44 1 50 1 
84 53 0 69 0 
85 24 0 53 0 
86 19 1 51 1 
87 19 1 35 1 
88 19 1 25 1 
89 19 1 109 0 
90 19 1 46 0 
91 19 1 123 1 
92 19 1 40 0 
93 19 1 34 0 
94 15 0 19 1 
95 12 0 19 1 
96 14 0 19 1 
97 19 1 55 0 
98 7 0 24 0 
99 36 0 42 1 
100 36 0 40 0 
101 36 0 95 1 
102 51 1 72 1 
103 44 1 49 1 
104 34 0 58 0 
105 16 0 20 0 
106 5 0 59 0 
107 59 0 112 0 
108 60 1 91 0 
109 13 1 19 1 
110 13 1 49 1 
111 3 0 56 0 
112 62 0 112 0 
113 14 0 119 0 
114 39 0 63 0 
115 59 0 63 0 
116 39 0 64 0 
117 8 1 113 0 
118 8 1 16 0 
119 4 1 67 0 
120 70 1 75 0 
121 70 1 127 1 
122 71 0 109 0 
123 8 1 72 1 
124 44 1 72 1 
125 10 0 24 0 
126 21 1 50 1 
127 47 0 74 0 
128 43 0 70 1 
129 43 0 115 1 
130 25 1 100 1 
131 2 1 25 1 
132 30 0 74 0 
133 77 1 96 1 
134 65 0 77 1 
135 62 0 122 0 
136 36 0 78 1 
137 28 0 79 1 
138 80 0 124 1 
139 67 0 80 0 
140 54 0 80 0 
141 81 0 93 1 
142 54 0 65 0 
143 79 1 82 1 
144 83 1 115 1 
145 54 0 84 1 
146 20 0 128 1 
147 22 1 50 1 
148 18 0 34 0 
149 27 1 77 1 
150 70 1 85 1 
151 1 0 74 0 
152 21 1 87 1 
153 58 0 87 1 
154 88 0 113 0 
155 35 1 125 1 
156 35 1 106 0 
157 92 0 122 0 
158 85 1 101 1 
159 1 0 15 0 
160 49 1 78 1 
161 5 0 74 0 
162 74 0 106 0 
163 23 1 93 1 
164 82 1 93 1 
165 65 0 87 1 
166 87 1 112 0 
167 35 1 95 1 
168 36 0 73 0 
169 68 1 75 0 
170 12 0 97 1 
171 63 0 85 1 
172 63 0 117 0 
173 1 0 8 1 
174 48 1 101 1 
175 41 1 101 1 
176 70 1 101 1 
177 100 1 116 0 
178 34 0 56 0 
179 5 0 36 0 
180 10 0 112 0 
181 10 0 36 0 
182 20 0 50 1 
183 64 0 116 0 
184 64 0 71 0 
185 67 0 102 1 
186 44 1 103 0 
187 28 0 103 0 
188 66 1 103 0 
189 47 0 103 0 
190 83 1 103 0 
191 69 0 103 0 
192 24 0 103 0 
193 43 0 103 0 
194 24 0 29 1 
195 19 1 102 1 
196 16 0 19 1 
197 19 1 100 1 
198 19 1 106 0 
199 19 1 132 0 
200 19 1 67 0 
201 19 1 107 0 
202 74 0 104 0 
203 68 1 130 1 
204 19 1 49 1 
205 59 0 102 1 
206 59 0 80 0 
207 16 0 59 0 
208 20 0 59 0 
209 59 0 91 0 
210 59 0 118 0 
211 59 0 116 0 
212 67 0 78 1 
213 14 0 106 0 
214 84 1 107 0 
215 18 0 72 1 
216 22 1 29 1 
217 16 0 108 0 
218 1 0 29 1 
219 29 1 56 0 
220 29 1 82 1 
221 15 0 120 0 
222 69 0 110 0 
223 10 0 17 0 
224 103 0 111 1 
225 18 0 131 0 
226 10 0 18 0 
227 18 0 79 1 
228 69 0 70 1 
229 35 1 70 1 
230 16 0 70 1 
231 50 1 96 1 
232 0 0 112 0 
233 11 0 112 0 
234 65 0 112 0 
235 65 0 113 0 
236 50 1 113 0 
237 46 0 98 1 
238 45 1 50 1 
239 45 1 100 1 
240 43 0 45 1 
241 45 1 125 1 
242 48 1 51 1 
243 48 1 87 1 
244 115 1 125 1 
245 70 1 115 1 
246 69 0 115 1 
247 98 1 123 1 
248 27 1 42 1 
249 4 1 44 1 
250 12 0 44 1 
251 0 0 92 0 
252 37 1 63 0 
253 81 0 119 0 
254 50 1 63 0 
255 1 0 87 1 
256 0 0 35 1 
257 57 1 87 1 
258 116 0 118 0 
259 18 0 81 0 
260 1 0 36 0 
261 81 0 109 0 
262 79 1 81 0 
263 63 0 113 0 
264 24 0 39 0 
265 74 0 114 0 
266 84 1 110 0 
267 73 0 84 1 
268 64 0 100 1 
269 83 1 100 1 
270 26 0 97 1 
271 40 0 65 0 
272 37 1 92 0 
273 119 0 129 0 
274 103 0 119 0 
275 22 1 101 1 
276 63 0 88 0 
277 7 0 28 0 
278 27 1 67 0 
279 27 1 59 0 
280 87 1 98 1 
281 77 1 86 0 
282 45 1 109 0 
283 9 0 45 1 
284 66 1 82 1 
285 6 1 21 1 
286 52 0 75 0 
287 36 0 52 0 
288 20 0 87 1 
289 46 0 87 1 
290 18 0 118 0 
291 18 0 94 1 
292 18 0 36 0 
293 18 0 105 1 
294 18 0 37 1 
295 13 1 18 0 
296 18 0 52 0 
297 18 0 66 1 
298 18 0 29 1 
299 18 0 82 1 
300 14 0 18 0 
301 34 0 120 0 
302 0 0 67 0 
303 100 1 113 0 
304 38 0 72 1 
305 12 0 27 1 
306 34 0 106 0 
307 90 0 99 0 
308 86 0 100 1 
309 1 0 58 0 
310 58 0 69 0 
311 37 1 108 0 
312 37 1 42 1 
313 36 0 109 0 
314 59 0 132 0 
315 120 0 123 1 
316 10 0 33 0 
317 8 1 83 1 
318 41 1 128 1 
319 41 1 102 1 
320 41 1 94 1 
321 15 0 100 1 
322 15 0 123 1 
323 39 0 58 0 
324 39 0 50 1 
325 26 0 122 0 
326 38 0 103 0 
327 20 0 106 0 
328 10 0 118 0 
329 18 0 62 0 
330 33 0 57 1 
331 74 0 123 1 
332 14 0 114 0 
333 14 0 85 1 
334 87 1 130 1 
335 87 1 123 1 
336 79 1 130 1 
337 49 1 80 0 
338 11 0 14 0 
339 17 0 63 0 
340 16 0 17 0 
341 75 0 77 1 
342 78 1 93 1 
343 20 0 100 1 
344 90 0 115 1 
345 94 1 115 1 
346 1 0 73 0 
347 115 1 117 0 
348 57 1 115 1 
349 88 0 121 0 
350 24 0 121 0 
351 39 0 121 0 
352 15 0 94 1 
353 15 0 124 1 
354 59 0 123 1 
355 12 0 21 1 
356 79 1 94 1 
357 110 0 124 1 
358 27 1 106 0 
359 50 1 106 0 
360 5 0 102 1 
361 8 1 57 1 
362 66 1 125 1 
363 70 1 125 1 
364 101 1 115 1 
365 38 0 71 0 
366 38 0 57 1 
367 36 0 65 0 
368 65 0 92 0 
369 50 1 87 1 
370 27 1 87 1 
371 81 0 116 0 
372 24 0 116 0 
373 49 1 72 1 
374 16 0 21 1 
375 17 0 40 0 
376 2 1 36 0 
377 38 0 86 0 
378 85 1 112 0 
379 79 1 126 1 
380 79 1 105 1 
381 23 1 79 1 
382 28 0 124 1 
383 46 0 70 1 
384 4 1 70 1 
385 87 1 124 1 
386 62 0 114 0 
387 46 0 108 0 
388 22 1 41 1 
389 38 0 113 0 
390 62 0 99 0 
391 7 0 15 0 
392 63 0 81 0 
393 33 0 127 1 
394 43 0 65 0 
395 35 1 43 0 
396 43 0 106 0 
397 41 1 43 0 
398 43 0 102 1 
399 43 0 61 1 
400 43 0 83 1 
401 43 0 69 0 
402 42 1 43 0 
403 43 0 94 1 
404 43 0 116 0 
405 43 0 100 1 
406 70 1 82 1 
407 72 1 124 1 
408 19 1 71 0 
409 59 0 106 0 
410 87 1 106 0 
411 27 1 100 1 
412 80 0 90 0 
413 80 0 118 0 
414 24 0 113 0 
415 81 0 113 0 
416 32 1 69 0 
417 32 1 115 1 
418 79 1 120 0 
419 79 1 122 0 
420 79 1 96 1 
421 24 0 65 0 
422 24 0 122 0 
423 24 0 123 1 
424 78 1 127 1 
425 66 1 127 1 
426 77 1 127 1 
427 24 0 40 0 
428 30 0 103 0 
429 15 0 30 0 
430 5 0 30 0 
431 104 0 116 0 
432 3 0 57 1 
433 38 0 100 1 
434 38 0 114 0 
435 38 0 67 0 
436 25 1 41 1 
437 41 1 77 1 
438 41 1 44 1 
439 41 1 125 1 
440 41 1 124 1 
441 41 1 98 1 
442 41 1 82 1 
443 30 0 41 1 
444 41 1 100 1 
445 16 0 41 1 
446 41 1 56 0 
447 0 0 41 1 
448 107 0 112 0 
449 20 0 27 1 
450 80 0 103 0 
451 1 0 27 1 
452 42 1 108 0 
453 67 0 108 0 
454 67 0 82 1 
455 82 1 103 0 
456 111 1 123 1 
457 11 0 42 1 
458 11 0 59 0 
459 11 0 125 1 
460 11 0 130 1 
461 11 0 16 0 
462 11 0 55 0 
463 11 0 85 1 
464 67 0 94 1 
465 35 1 111 1 
466 41 1 84 1 
467 70 1 84 1 
468 18 0 115 1 
469 18 0 100 1 
470 69 0 117 0 
471 70 1 117 0 
472 52 0 117 0 
473 45 1 99 0 
474 80 0 113 0 
475 19 1 70 1 
476 6 1 98 1 
477 45 1 123 1 
478 39 0 87 1 
479 39 0 100 1 
480 39 0 86 0 
481 22 1 125 1 
482 57 1 93 1 
483 57 1 103 0 
484 106 0 120 0 
485 12 0 38 0 
486 12 0 75 0 
487 5 0 12 0 
488 12 0 65 0 
489 12 0 30 0 
490 12 0 62 0 
491 12 0 100 1 
492 21 1 54 0 
493 44 1 54 0 
494 54 0 75 0 
495 3 0 18 0 
496 30 0 129 0 
497 65 0 72 1 
498 106 0 125 1 
499 61 1 102 1 
500 46 0 114 0 
501 59 0 114 0 
502 106 0 114 0 
503 83 1 86 0 
504 86 0 103 0 
505 19 1 115 1 
506 16 0 115 1 
507 56 0 115 1 
508 26 0 83 1 
509 26 0 43 0 
510 26 0 79 1 
511 13 1 52 0 
512 52 0 68 1 
513 52 0 126 1 
514 52 0 70 1 
515 52 0 83 1 
516 40 0 52 0 
517 3 0 52 0 
518 52 0 120 0 
519 52 0 69 0 
520 0 0 52 0 
521 52 0 127 1 
522 100 1 108 0 
523 100 1 114 0 
524 90 0 103 0 
525 38 0 106 0 
526 85 1 97 1 
527 39 0 116 0 
528 116 0 117 0 
529 95 1 116 0 
530 31 1 116 0 
531 9 0 116 0 
532 10 0 116 0 
533 74 0 116 0 
534 69 0 116 0 
535 18 0 116 0 
536 73 0 116 0 
537 12 0 69 0 
538 16 0 57 1 
539 16 0 96 1 
540 10 0 16 0 
541 30 0 38 0 
542 30 0 119 0 
543 30 0 80 0 
544 34 0 64 0 
545 67 0 91 0 
546 65 0 80 0 
547 1 0 43 0 
548 13 1 81 0 
549 81 0 97 1 
550 81 0 126 1 
551 6 1 81 0 
552 81 0 102 1 
553 81 0 115 1 
554 81 0 124 1 
555 50 1 81 0 
556 12 0 81 0 
557 65 0 81 0 
558 69 0 81 0 
559 58 0 90 0 
560 79 1 95 1 
561 10 0 19 1 
562 61 1 98 1 
563 0 0 18 0 
564 75 0 129 0 
565 0 0 98 1 
566 48 1 80 0 
567 51 1 80 0 
568 20 0 80 0 
569 22 1 80 0 
570 80 0 85 1 
571 80 0 95 1 
572 4 1 80 0 
573 6 1 80 0 
574 0 0 80 0 
575 36 0 80 0 
576 56 0 92 0 
577 83 1 92 0 
578 34 0 118 0 
579 49 1 118 0 
580 33 0 118 0 
581 71 0 111 1 
582 63 0 116 0 
583 21 1 24 0 
584 35 1 42 1 
585 54 0 74 0 
586 60 1 82 1 
587 103 0 115 1 
588 102 1 128 1 
589 8 1 90 0 
590 19 1 112 0 
591 36 0 108 0 
592 43 0 128 1 
593 31 1 52 0 
594 15 0 45 1 
595 69 0 122 0 
596 9 0 94 1 
597 9 0 112 0 
598 41 1 59 0 
599 16 0 74 0 
600 74 0 113 0 
601 18 0 74 0 
602 74 0 103 0 
603 34 0 74 0 
604 74 0 100 1 
605 14 0 74 0 
606 67 0 74 0 
607 30 0 57 1 
608 40 0 57 1 
609 16 0 126 1 
610 12 0 59 0 
611 59 0 68 1 
612 42 1 59 0 
613 9 0 59 0 
614 59 0 113 0 
615 59 0 125 1 
616 59 0 95 1 
617 51 1 59 0 
618 54 0 59 0 
619 24 0 59 0 
620 59 0 86 0 
621 122 0 123 1 
622 57 1 117 0 
623 57 1 99 0 
624 45 1 57 1 
625 57 1 82 1 
626 57 1 122 0 
627 17 0 22 1 
628 14 0 50 1 
629 87 1 96 1 
630 28 0 87 1 
631 45 1 87 1 
632 87 1 116 0 
633 79 1 119 0 
634 3 0 116 0 
635 60 1 130 1 
636 38 0 60 1 
637 50 1 102 1 
638 50 1 101 1 
639 34 0 50 1 
640 50 1 116 0 
641 62 0 105 1 
642 72 1 105 1 
643 12 0 72 1 
644 44 1 53 0 
645 70 1 94 1 
646 67 0 116 0 
647 95 1 125 1 
648 44 1 110 0 
649 46 0 117 0 
650 117 0 124 1 
651 13 1 51 1 
652 67 0 101 1 
653 75 0 101 1 
654 101 1 103 0 
655 101 1 104 0 
656 87 1 101 1 
657 21 1 101 1 
658 44 1 101 1 
659 100 1 101 1 
660 101 1 122 0 
661 28 0 85 1 
662 56 0 126 1 
663 52 0 109 0 
664 24 0 69 0 
665 27 1 94 1 
666 92 0 95 1 
667 92 0 119 0 
668 21 1 124 1 
669 124 1 125 1 
670 24 0 32 1 
671 16 0 24 0 
672 24 0 60 1 
673 24 0 64 0 
674 24 0 114 0 
675 24 0 94 1 
676 13 1 92 0 
677 77 1 84 1 
678 5 0 80 0 
679 5 0 65 0 
680 79 1 85 1 
681 125 1 128 1 
682 8 1 128 1 
683 28 0 114 0 
684 28 0 62 0 
685 8 1 46 0 
686 4 1 129 0 
687 45 1 70 1 
688 74 0 119 0 
689 44 1 59 0 
690 5 0 119 0 
691 5 0 132 0 
692 21 1 36 0 
693 7 0 57 1 
694 42 1 57 1 
695 57 1 105 1 
696 57 1 102 1 
697 57 1 120 0 
698 10 0 57 1 
699 57 1 118 0 
700 20 0 101 1 
701 4 1 76 1 
702 8 1 97 1 
703 7 0 118 0 
704 114 0 128 1 
705 18 0 114 0 
706 23 1 81 0 
707 52 0 59 0 
708 60 1 79 1 
709 56 0 90 0 
710 9 0 17 0 
711 83 1 96 1 
712 1 0 45 1 
713 28 0 45 1 
714 12 0 40 0 
715 40 0 69 0 
716 8 1 37 1 
717 40 0 131 0 
718 22 1 131 0 
719 64 0 108 0 
720 108 0 119 0 
721 5 0 117 0 
722 19 1 117 0 
723 39 0 96 1 
724 40 0 113 0 
725 51 1 77 1 
726 14 0 37 1 
727 14 0 65 0 
728 14 0 73 0 
729 0 0 14 0 
730 14 0 80 0 
731 32 1 59 0 
732 38 0 59 0 
733 45 1 94 1 
734 51 1 96 1 
735 51 1 124 1 
736 80 0 107 0 
737 23 1 105 1 
738 15 0 46 0 
739 29 1 52 0 
740 52 0 77 1 
741 52 0 82 1 
742 7 0 52 0 
743 41 1 52 0 
744 52 0 122 0 
745 52 0 91 0 
746 52 0 111 1 
747 46 0 62 0 
748 36 0 62 0 
749 79 1 125 1 
750 91 0 121 0 
751 67 0 121 0 
752 2 1 97 1 
753 2 1 41 1 
754 2 1 89 1 
755 2 1 59 0 
756 2 1 114 0 
757 2 1 103 0 
758 2 1 123 1 
759 2 1 90 0 
760 28 0 118 0 
761 42 1 44 1 
762 44 1 119 0 
763 112 0 124 1 
764 30 0 63 0 
765 22 1 102 1 
766 0 0 132 0 
767 0 0 109 0 
768 70 1 102 1 
769 38 0 70 1 
770 26 0 75 0 
771 16 0 103 0 
772 103 0 125 1 
773 97 1 103 0 
774 103 0 123 1 
775 87 1 125 1 
776 94 1 110 0 
777 52 0 110 0 
778 88 0 110 0 
779 110 0 119 0 
780 30 0 36 0 
781 21 1 44 1 
782 44 1 112 0 
783 20 0 132 0 
784 26 0 41 1 
785 41 1 85 1 
786 57 1 77 1 
787 100 1 115 1 
788 56 0 60 1 
789 56 0 77 1 
790 5 0 56 0 
791 56 0 71 0 
792 56 0 86 0 
793 56 0 62 0 
794 9 0 74 0 
795 9 0 130 1 
796 119 0 125 1 
797 23 1 125 1 
798 51 1 125 1 
799 33 0 125 1 
800 116 0 125 1 
801 50 1 67 0 
802 50 1 115 1 
803 46 0 122 0 
804 7 0 46 0 
805 13 1 21 1 
806 13 1 125 1 
807 29 1 125 1 
808 23 1 27 1 
809 27 1 85 1 
810 74 0 94 1 
811 79 1 92 0 
812 62 0 79 1 
813 67 0 71 0 
814 98 1 127 1 
815 6 1 130 1 
816 34 0 82 1 
817 24 0 43 0 
818 24 0 41 1 
819 22 1 28 0 
820 37 1 88 0 
821 24 0 78 1 
822 3 0 131 0 
823 9 0 44 1 
824 44 1 88 0 
825 39 0 71 0 
826 63 0 65 0 
827 63 0 130 1 
828 50 1 99 0 
829 50 1 114 0 
830 33 0 132 0 
831 106 0 118 0 
832 28 0 122 0 
833 36 0 111 1 
834 70 1 111 1 
835 41 1 79 1 
836 31 1 102 1 
837 44 1 102 1 
838 1 0 10 0 
839 1 0 44 1 
840 1 0 9 0 
841 1 0 18 0 
842 69 0 83 1 
843 24 0 83 1 
844 67 0 83 1 
845 42 1 132 0 
846 57 1 132 0 
847 34 0 132 0 
848 70 1 132 0 
849 56 0 132 0 
850 27 1 132 0 
851 58 0 132 0 
852 62 0 132 0 
853 39 0 117 0 
854 7 0 69 0 
855 69 0 128 1 
856 1 0 69 0 
857 11 0 69 0 
858 45 1 69 0 
859 69 0 92 0 
860 2 1 69 0 
861 69 0 123 1 
862 16 0 112 0 
863 41 1 74 0 
864 14 0 123 1 
865 14 0 120 0 
866 6 1 110 0 
867 24 0 124 1 
868 24 0 80 0 
869 18 0 23 1 
870 36 0 113 0 
871 36 0 117 0 
872 6 1 34 0 
873 32 1 92 0 
874 8 1 92 0 
875 6 1 92 0 
876 87 1 92 0 
877 90 0 92 0 
878 92 0 116 0 
879 91 0 92 0 
880 86 0 92 0 
881 30 0 92 0 
882 0 0 34 0 
883 115 1 130 1 
884 72 1 115 1 
885 115 1 123 1 
886 93 1 124 1 
887 42 1 102 1 
888 6 1 64 0 
889 27 1 133 1 
890 7 0 113 0 
891 68 1 82 1 
892 76 1 82 1 
893 12 0 82 1 
894 82 1 97 1 
895 82 1 116 0 
896 5 0 82 1 
897 28 0 82 1 
898 53 0 82 1 
899 64 0 82 1 
900 8 1 82 1 
901 46 0 82 1 
902 80 0 101 1 
903 29 1 59 0 
904 70 1 110 0 
905 100 1 126 1 
906 2 1 82 1 
907 14 0 62 0 
908 96 1 112 0 
909 83 1 112 0 
910 50 1 112 0 
911 124 1 129 0 
912 10 0 39 0 
913 18 0 65 0 
914 19 1 65 0 
915 10 0 65 0 
916 100 1 120 0 
917 96 1 120 0 
918 94 1 120 0 
919 16 0 120 0 
920 31 1 120 0 
921 88 0 120 0 
922 65 0 120 0 
923 31 1 72 1 
924 25 1 35 1 
925 25 1 75 0 
926 25 1 45 1 
927 25 1 34 0 
928 2 1 109 0 
929 36 0 45 1 
930 45 1 67 0 
931 67 0 124 1 
932 67 0 100 1 
933 28 0 44 1 
934 38 0 47 0 
935 21 1 123 1 
936 69 0 93 1 
937 16 0 34 0 
938 67 0 72 1 
939 15 0 86 0 
940 15 0 116 0 
941 40 0 96 1 
942 96 1 110 0 
943 34 0 52 0 
944 34 0 128 1 
945 34 0 84 1 
946 34 0 69 0 
947 10 0 34 0 
948 23 1 34 0 
949 34 0 99 0 
950 34 0 62 0 
951 34 0 90 0 
952 4 1 34 0 
953 87 1 94 1 
954 58 0 73 0 
955 38 0 64 0 
956 87 1 115 1 
957 14 0 34 0 
958 43 0 81 0 
959 13 1 43 0 
960 30 0 43 0 
961 10 0 11 0 
962 26 0 87 1 
963 15 0 20 0 
964 32 1 112 0 
965 73 0 110 0 
966 42 1 124 1 
967 68 1 98 1 
968 86 0 90 0 
969 86 0 99 0 
970 67 0 127 1 
971 12 0 57 1 
972 54 0 129 0 
973 18 0 54 0 
974 39 0 122 0 
975 125 1 126 1 
976 36 0 94 1 
977 22 1 59 0 
978 22 1 77 1 
979 22 1 47 0 
980 69 0 114 0 
981 101 1 119 0 
982 90 0 132 0 
983 45 1 80 0 
984 96 1 102 1 
985 56 0 131 0 
986 35 1 79 1 
987 27 1 103 0 
988 22 1 96 1 
989 96 1 100 1 
990 84 1 96 1 
991 71 0 82 1 
992 20 0 79 1 
993 47 0 108 0 
994 2 1 107 0 
995 59 0 107 0 
996 34 0 80 0 
997 100 1 112 0 
998 104 0 124 1 
999 16 0 90 0 
1000 2 1 118 0 
1001 62 0 67 0 
1002 10 0 37 1 
1003 16 0 50 1 
1004 117 0 131 0 
1005 24 0 117 0 
1006 9 0 113 0 
1007 92 0 113 0 
1008 45 1 52 0 
1009 77 1 118 0 
1010 10 0 43 0 
1011 40 0 43 0 
1012 126 1 128 1 
1013 98 1 116 0 
1014 16 0 69 0 
1015 52 0 67 0 
1016 33 0 100 1 
1017 99 0 122 0 
1018 9 0 56 0 
1019 90 0 124 1 
1020 97 1 123 1 
1021 24 0 127 1 
1022 16 0 124 1 
1023 36 0 124 1 
1024 58 0 124 1 
1025 47 0 124 1 
1026 53 0 67 0 
1027 100 1 123 1 
1028 26 0 27 1 
1029 61 1 109 0 
1030 13 1 61 1 
1031 38 0 61 1 
1032 44 1 69 0 
1033 23 1 108 0 
1034 27 1 116 0 
1035 31 1 78 1 
1036 78 1 87 1 
1037 10 0 25 1 
1038 38 0 42 1 
1039 59 0 100 1 
1040 59 0 98 1 
1041 58 0 119 0 
1042 5 0 95 1 
1043 71 0 127 1 
1044 75 0 127 1 
1045 28 0 127 1 
1046 90 0 94 1 
1047 91 0 122 0 
1048 13 1 91 0 
1049 48 1 128 1 
1050 8 1 56 0 
1051 2 1 45 1 
1052 12 0 63 0 
1053 26 0 64 0 
1054 36 0 64 0 
1055 71 0 85 1 
1056 13 1 101 1 
1057 14 0 15 0 
1058 14 0 46 0 
1059 33 0 54 0 
1060 31 1 98 1 
1061 7 0 55 0 
1062 7 0 34 0 
1063 7 0 18 0 
1064 7 0 123 1 
1065 50 1 90 0 
1066 39 0 114 0 
1067 69 0 80 0 
1068 69 0 102 1 
1069 73 0 112 0 
1070 100 1 132 0 
1071 51 1 107 0 
1072 43 0 123 1 
1073 68 1 89 1 
1074 68 1 90 0 
1075 62 0 87 1 
1076 50 1 70 1 
1077 20 0 97 1 
1078 29 1 98 1 
1079 56 0 98 1 
1080 119 0 121 0 
1081 72 1 74 0 
1082 18 0 87 1 
1083 54 0 87 1 
1084 87 1 114 0 
1085 61 1 87 1 
1086 39 0 112 0 
1087 8 1 125 1 
1088 8 1 45 1 
1089 53 0 71 0 
1090 77 1 109 0 
1091 70 1 109 0 
1092 98 1 115 1 
1093 107 0 113 0 
1094 16 0 71 0 
1095 72 1 97 1 
1096 18 0 40 0 
1097 3 0 126 1 
1098 33 0 78 1 
1099 24 0 63 0 
1100 79 1 127 1 
1101 119 0 123 1 
1102 83 1 122 0 
1103 71 0 123 1 
1104 96 1 124 1 
1105 92 0 124 1 
1106 107 0 124 1 
1107 8 1 12 0 
1108 12 0 130 1 
1109 29 1 101 1 
1110 7 0 125 1 
1111 20 0 112 0 
1112 16 0 116 0 
1113 36 0 57 1 
1114 21 1 76 1 
1115 21 1 57 1 
1116 14 0 21 1 
1117 21 1 92 0 
1118 114 0 129 0 
1119 84 1 117 0 
1120 85 1 95 1 
1121 4 1 95 1 
1122 69 0 95 1 
1123 95 1 97 1 
1124 42 1 95 1 
1125 95 1 108 0 
1126 54 0 95 1 
1127 64 0 95 1 
1128 21 1 60 1 
1129 21 1 42 1 
1130 21 1 77 1 
1131 21 1 67 0 
1132 21 1 64 0 
1133 21 1 71 0 
1134 69 0 72 1 
1135 19 1 28 0 
1136 23 1 123 1 
1137 40 0 74 0 
1138 67 0 81 0 
1139 22 1 40 0 
1140 50 1 124 1 
1141 82 1 130 1 
1142 51 1 57 1 
1143 18 0 107 0 
1144 124 1 130 1 
1145 56 0 65 0 
1146 112 0 115 1 
1147 59 0 111 1 
1148 0 0 40 0 
1149 38 0 94 1 
1150 38 0 73 0 
1151 16 0 18 0 
1152 16 0 30 0 
1153 4 1 16 0 
1154 52 0 54 0 
1155 87 1 120 0 
1156 41 1 66 1 
1157 41 1 87 1 
1158 41 1 50 1 
1159 56 0 118 0 
1160 65 0 118 0 
1161 31 1 96 1 
1162 18 0 120 0 
1163 61 1 120 0 
1164 18 0 78 1 
1165 67 0 112 0 
1166 66 1 112 0 
1167 112 0 127 1 
1168 112 0 129 0 
1169 47 0 112 0 
1170 91 0 112 0 
1171 71 0 112 0 
1172 112 0 120 0 
1173 23 1 112 0 
1174 56 0 112 0 
1175 59 0 97 1 
1176 36 0 59 0 
1177 6 1 59 0 
1178 1 0 59 0 
1179 59 0 72 1 
1180 59 0 74 0 
1181 59 0 93 1 
1182 59 0 85 1 
1183 6 1 16 0 
1184 6 1 50 1 
1185 20 0 119 0 
1186 13 1 85 1 
1187 0 0 85 1 
1188 85 1 126 1 
1189 28 0 117 0 
1190 112 0 117 0 
1191 113 0 117 0 
1192 0 0 117 0 
1193 11 0 43 0 
1194 42 1 120 0 
1195 75 0 110 0 
1196 59 0 109 0 
1197 34 0 121 0 
1198 98 1 126 1 
1199 78 1 98 1 
1200 5 0 69 0 
1201 5 0 110 0 
1202 16 0 36 0 
1203 46 0 102 1 
1204 29 1 102 1 
1205 19 1 32 1 
1206 19 1 24 0 
1207 40 0 93 1 
1208 82 1 117 0 
1209 20 0 117 0 
1210 9 0 117 0 
1211 10 0 117 0 
1212 59 0 117 0 
1213 114 0 117 0 
1214 93 1 117 0 
1215 43 0 113 0 
1216 21 1 83 1 
1217 72 1 85 1 
1218 5 0 18 0 
1219 5 0 20 0 
1220 34 0 35 1 
1221 122 0 132 0 
1222 103 0 128 1 
1223 8 1 103 0 
1224 31 1 39 0 
1225 39 0 94 1 
1226 37 1 39 0 
1227 39 0 105 1 
1228 39 0 113 0 
1229 39 0 126 1 
1230 39 0 92 0 
1231 39 0 98 1 
1232 23 1 103 0 
1233 58 0 71 0 
1234 115 1 124 1 
1235 52 0 103 0 
1236 78 1 102 1 
1237 46 0 90 0 
1238 4 1 92 0 
1239 4 1 108 0 
1240 4 1 112 0 
1241 33 0 49 1 
1242 97 1 130 1 
1243 79 1 97 1 
1244 50 1 97 1 
1245 8 1 100 1 
1246 8 1 106 0 
1247 5 0 94 1 
1248 21 1 93 1 
1249 39 0 69 0 
1250 24 0 81 0 
1251 24 0 112 0 
1252 8 1 14 0 
1253 8 1 31 1 
1254 82 1 125 1 
1255 86 0 102 1 
1256 19 1 58 0 
1257 19 1 95 1 
1258 74 0 82 1 
1259 10 0 115 1 
1260 10 0 80 0 
1261 14 0 33 0 
1262 19 1 59 0 
1263 55 0 117 0 
1264 74 0 90 0 
1265 7 0 67 0 
1266 102 1 113 0 
1267 113 0 128 1 
1268 42 1 113 0 
1269 28 0 113 0 
1270 33 0 113 0 
1271 113 0 120 0 
1272 44 1 113 0 
1273 106 0 113 0 
1274 99 0 113 0 
1275 113 0 122 0 
1276 62 0 113 0 
1277 4 1 25 1 
1278 4 1 85 1 
1279 4 1 75 0 
1280 118 0 127 1 
1281 71 0 125 1 
1282 35 1 96 1 
1283 59 0 103 0 
1284 13 1 103 0 
1285 31 1 103 0 
1286 37 1 103 0 
1287 103 0 121 0 
1288 39 0 60 1 
1289 77 1 87 1 
1290 59 0 66 1 
1291 59 0 84 1 
1292 59 0 128 1 
1293 23 1 59 0 
1294 59 0 69 0 
1295 80 0 84 1 
1296 5 0 84 1 
1297 6 1 57 1 
1298 57 1 124 1 
1299 48 1 57 1 
1300 57 1 84 1 
1301 47 0 57 1 
1302 54 0 57 1 
1303 53 0 57 1 
1304 57 1 64 0 
1305 57 1 114 0 
1306 57 1 58 0 
1307 57 1 119 0 
1308 25 1 57 1 
1309 20 0 34 0 
1310 26 0 67 0 
1311 11 0 63 0 
1312 42 1 50 1 
1313 1 0 84 1 
1314 30 0 111 1 
1315 26 0 77 1 
1316 73 0 77 1 
1317 63 0 77 1 
1318 45 1 77 1 
1319 4 1 125 1 
1320 16 0 42 1 
1321 25 1 42 1 
1322 35 1 57 1 
1323 56 0 124 1 
1324 10 0 13 1 
1325 18 0 50 1 
1326 18 0 124 1 
1327 18 0 85 1 
1328 18 0 129 0 
1329 11 0 33 0 
1330 23 1 82 1 
1331 52 0 85 1 
1332 35 1 118 0 
1333 35 1 127 1 
1334 32 1 125 1 
1335 32 1 131 0 
1336 128 1 129 0 
1337 119 0 128 1 
1338 84 1 128 1 
1339 90 0 128 1 
1340 51 1 127 1 
1341 127 1 128 1 
1342 90 0 118 0 
1343 31 1 90 0 
1344 69 0 108 0 
1345 108 0 113 0 
1346 8 1 108 0 
1347 21 1 108 0 
1348 61 1 84 1 
1349 61 1 128 1 
1350 41 1 61 1 
1351 61 1 90 0 
1352 61 1 95 1 
1353 61 1 70 1 
1354 25 1 61 1 
1355 59 0 87 1 
1356 18 0 53 0 
1357 46 0 77 1 
1358 85 1 127 1 
1359 116 0 127 1 
1360 19 1 125 1 
1361 117 0 119 0 
1362 95 1 119 0 
1363 41 1 119 0 
1364 119 0 124 1 
1365 38 0 119 0 
1366 118 0 119 0 
1367 15 0 119 0 
1368 5 0 101 1 
1369 63 0 75 0 
1370 83 1 129 0 
1371 0 0 45 1 
1372 60 1 123 1 
1373 63 0 123 1 
1374 17 0 123 1 
1375 65 0 123 1 
1376 114 0 123 1 
1377 90 0 123 1 
1378 85 1 123 1 
1379 46 0 59 0 
1380 56 0 117 0 
1381 8 1 44 1 
1382 9 0 72 1 
1383 72 1 132 0 
1384 72 1 87 1 
1385 1 0 100 1 
1386 71 0 100 1 
1387 10 0 95 1 
1388 37 1 76 1 
1389 20 0 48 1 
1390 108 0 120 0 
1391 90 0 130 1 
1392 56 0 63 0 
1393 28 0 115 1 
1394 94 1 114 0 
1395 52 0 125 1 
1396 25 1 52 0 
1397 52 0 62 0 
1398 44 1 52 0 
1399 65 0 67 0 
1400 70 1 104 0 
1401 36 0 82 1 
1402 14 0 27 1 
1403 22 1 87 1 
1404 22 1 94 1 
1405 63 0 83 1 
1406 59 0 67 0 
1407 28 0 59 0 
1408 59 0 124 1 
1409 46 0 129 0 
1410 60 1 70 1 
1411 39 0 70 1 
1412 28 0 70 1 
1413 70 1 72 1 
1414 23 1 70 1 
1415 70 1 74 0 
1416 24 0 70 1 
1417 0 0 71 0 
1418 18 0 57 1 
1419 40 0 44 1 
1420 25 1 94 1 
1421 72 1 94 1 
1422 0 0 110 0 
1423 0 0 42 1 
1424 0 0 46 0 
1425 98 1 119 0 
1426 22 1 129 0 
1427 103 0 116 0 
1428 46 0 116 0 
1429 2 1 29 1 
1430 35 1 66 1 
1431 35 1 71 0 
1432 94 1 123 1 
1433 84 1 123 1 
1434 7 0 124 1 
1435 28 0 50 1 
1436 8 1 109 0 
1437 25 1 38 0 
1438 21 1 45 1 
1439 24 0 109 0 
1440 57 1 109 0 
1441 8 1 20 0 
1442 32 1 51 1 
1443 1 0 128 1 
1444 7 0 36 0 
1445 107 0 110 0 
1446 58 0 70 1 
1447 5 0 116 0 
1448 27 1 124 1 
1449 21 1 27 1 
1450 13 1 36 0 
1451 24 0 84 1 
1452 107 0 116 0 
1453 8 1 55 0 
1454 54 0 100 1 
1455 87 1 97 1 
1456 70 1 92 0 
1457 92 0 103 0 
1458 92 0 121 0 
1459 17 0 56 0 
1460 83 1 93 1 
1461 5 0 118 0 
1462 87 1 119 0 
1463 26 0 119 0 
1464 118 0 130 1 
1465 72 1 86 0 
1466 5 0 86 0 
1467 9 0 70 1 
1468 15 0 103 0 
1469 15 0 39 0 
1470 109 0 132 0 
1471 106 0 112 0 
1472 65 0 106 0 
1473 38 0 74 0 
1474 90 0 125 1 
1475 47 0 90 0 
1476 59 0 94 1 
1477 94 1 122 0 
1478 21 1 100 1 
1479 97 1 113 0 
1480 61 1 124 1 
1481 29 1 66 1 
1482 19 1 29 1 
1483 23 1 50 1 
1484 43 0 91 0 
1485 75 0 84 1 
1486 49 1 75 0 
1487 33 0 75 0 
1488 75 0 120 0 
1489 72 1 75 0 
1490 75 0 107 0 
1491 44 1 100 1 
1492 10 0 67 0 
1493 30 0 115 1 
1494 30 0 107 0 
1495 78 1 125 1 
1496 36 0 100 1 
1497 13 1 65 0 
1498 20 0 124 1 
1499 8 1 130 1 
1500 113 0 130 1 
1501 13 1 130 1 
1502 25 1 44 1 
1503 47 0 62 0 
1504 62 0 92 0 
1505 62 0 119 0 
1506 54 0 104 0 
1507 75 0 90 0 
1508 8 1 28 0 
1509 28 0 34 0 
1510 94 1 106 0 
1511 94 1 116 0 
1512 77 1 94 1 
1513 25 1 29 1 
1514 3 0 67 0 
1515 106 0 107 0 
1516 21 1 109 0 
1517 21 1 117 0 
1518 33 0 86 0 
1519 1 0 86 0 
1520 37 1 45 1 
1521 30 0 59 0 
1522 30 0 33 0 
1523 33 0 106 0 
1524 50 1 79 1 
1525 79 1 90 0 
1526 36 0 37 1 
1527 18 0 21 1 
1528 21 1 120 0 
1529 21 1 86 0 
1530 21 1 65 0 
1531 16 0 98 1 
1532 64 0 118 0 
1533 10 0 101 1 
1534 27 1 117 0 
1535 57 1 71 0 
1536 93 1 103 0 
1537 12 0 86 0 
1538 5 0 105 1 
1539 24 0 85 1 
1540 29 1 46 0 
1541 12 0 127 1 
1542 12 0 42 1 
1543 12 0 56 0 
1544 12 0 71 0 
1545 21 1 70 1 
1546 37 1 112 0 
1547 2 1 112 0 
1548 108 0 127 1 
1549 10 0 55 0 
1550 1 0 55 0 
1551 55 0 82 1 
1552 59 0 90 0 
1553 90 0 109 0 
1554 7 0 90 0 
1555 71 0 90 0 
1556 83 1 90 0 
1557 44 1 90 0 
1558 85 1 130 1 
1559 44 1 61 1 
1560 61 1 100 1 
1561 29 1 73 0 
1562 20 0 61 1 
1563 52 0 61 1 
1564 61 1 112 0 
1565 4 1 106 0 
1566 36 0 119 0 
1567 100 1 119 0 
1568 59 0 81 0 
1569 39 0 130 1 
1570 6 1 32 1 
1571 47 0 92 0 
1572 9 0 33 0 
1573 109 0 112 0 
1574 54 0 85 1 
1575 9 0 10 0 
1576 43 0 122 0 
1577 41 1 57 1 
1578 9 0 57 1 
1579 56 0 57 1 
1580 14 0 57 1 
1581 9 0 115 1 
1582 125 1 131 0 
1583 25 1 125 1 
1584 4 1 59 0 
1585 49 1 97 1 
1586 17 0 29 1 
1587 17 0 117 0 
1588 44 1 87 1 
1589 34 0 40 0 
1590 11 0 83 1 
1591 28 0 75 0 
1592 49 1 123 1 
1593 49 1 117 0 
1594 8 1 107 0 
1595 41 1 112 0 
1596 112 0 128 1 
1597 13 1 112 0 
1598 5 0 112 0 
1599 58 0 112 0 
1600 14 0 112 0 
1601 29 1 43 0 
1602 41 1 70 1 
1603 113 0 132 0 
1604 75 0 94 1 
1605 46 0 132 0 
1606 3 0 15 0 
1607 15 0 83 1 
1608 6 1 28 0 
1609 19 1 56 0 
1610 81 0 114 0 
1611 8 1 77 1 
1612 58 0 122 0 
1613 43 0 117 0 
1614 26 0 107 0 
1615 48 1 125 1 
1616 20 0 116 0 
1617 9 0 106 0 
1618 66 1 98 1 
1619 10 0 66 1 
1620 67 0 129 0 
1621 18 0 67 0 
1622 113 0 116 0 
1623 9 0 67 0 
1624 1 0 95 1 
1625 73 0 83 1 
1626 35 1 60 1 
1627 35 1 116 0 
1628 22 1 32 1 
1629 71 0 87 1 
1630 34 0 111 1 
1631 0 0 129 0 
1632 71 0 98 1 
1633 42 1 46 0 
1634 40 0 42 1 
1635 86 0 122 0 
1636 41 1 117 0 
1637 18 0 97 1 
1638 17 0 97 1 
1639 97 1 111 1 
1640 56 0 97 1 
1641 70 1 97 1 
1642 97 1 116 0 
1643 56 0 81 0 
1644 20 0 67 0 
1645 20 0 24 0 
1646 20 0 42 1 
1647 20 0 86 0 
1648 20 0 90 0 
1649 20 0 30 0 
1650 39 0 79 1 
1651 39 0 125 1 
1652 0 0 126 1 
1653 14 0 88 0 
1654 14 0 116 0 
1655 15 0 63 0 
1656 15 0 69 0 
1657 67 0 111 1 
1658 21 1 131 0 
1659 19 1 124 1 
1660 61 1 81 0 
1661 22 1 34 0 
1662 16 0 52 0 
1663 64 0 115 1 
1664 58 0 62 0 
1665 41 1 115 1 
1666 36 0 46 0 
1667 33 0 82 1 
1668 9 0 122 0 
1669 16 0 118 0 
1670 6 1 7 0 
1671 6 1 8 1 
1672 16 0 92 0 
1673 52 0 81 0 
1674 81 0 84 1 
1675 25 1 108 0 
1676 25 1 37 1 
1677 75 0 128 1 
1678 16 0 128 1 
1679 44 1 77 1 
1680 14 0 86 0 
1681 47 0 59 0 
1682 60 1 126 1 
1683 3 0 124 1 
1684 5 0 8 1 
1685 8 1 59 0 
1686 123 1 128 1 
1687 11 0 117 0 
1688 95 1 107 0 
1689 25 1 63 0 
1690 7 0 29 1 
1691 5 0 103 0 
1692 20 0 107 0 
1693 73 0 96 1 
1694 46 0 73 0 
1695 72 1 73 0 
1696 20 0 56 0 
1697 56 0 120 0 
1698 45 1 71 0 
1699 75 0 117 0 
1700 35 1 124 1 
1701 86 0 97 1 
1702 54 0 128 1 
1703 33 0 77 1 
1704 67 0 132 0 
1705 84 1 126 1 
1706 112 0 126 1 
1707 34 0 53 0 
1708 28 0 41 1 
1709 42 1 80 0 
1710 15 0 85 1 
1711 24 0 87 1 
1712 90 0 117 0 
1713 97 1 117 0 
1714 95 1 117 0 
1715 65 0 117 0 
1716 54 0 117 0 
1717 62 0 117 0 
1718 71 0 117 0 
1719 11 0 39 0 
1720 15 0 112 0 
1721 6 1 124 1 
1722 6 1 74 0 
1723 50 1 92 0 
1724 1 0 37 1 
1725 16 0 105 1 
1726 52 0 119 0 
1727 44 1 71 0 
1728 36 0 102 1 
1729 94 1 102 1 
1730 34 0 51 1 
1731 51 1 70 1 
1732 82 1 95 1 
1733 73 0 119 0 
1734 25 1 70 1 
1735 86 0 112 0 
1736 51 1 112 0 
1737 118 0 123 1 
1738 38 0 92 0 
1739 50 1 127 1 
1740 44 1 67 0 
1741 23 1 109 0 
1742 21 1 81 0 
1743 58 0 108 0 
1744 74 0 79 1 
1745 93 1 129 0 
1746 59 0 129 0 
1747 70 1 124 1 
1748 49 1 124 1 
1749 43 0 79 1 
1750 56 0 67 0 
1751 67 0 97 1 
1752 31 1 51 1 
1753 6 1 125 1 
1754 18 0 113 0 
1755 74 0 96 1 
1756 74 0 110 0 
1757 42 1 74 0 
1758 74 0 105 1 
1759 74 0 77 1 
1760 1 0 39 0 
1761 39 0 119 0 
1762 14 0 28 0 
1763 14 0 100 1 
1764 120 0 125 1 
1765 92 0 125 1 
1766 42 1 107 0 
1767 35 1 112 0 
1768 57 1 127 1 
1769 1 0 70 1 
1770 3 0 24 0 
1771 16 0 113 0 
1772 72 1 127 1 
1773 77 1 122 0 
1774 67 0 68 1 
1775 48 1 70 1 
1776 63 0 128 1 
1777 39 0 47 0 
1778 124 1 126 1 
1779 67 0 122 0 
1780 67 0 87 1 
1781 67 0 84 1 
1782 49 1 79 1 
1783 52 0 57 1 
1784 98 1 109 0 
1785 1 0 98 1 
1786 34 0 97 1 
1787 5 0 75 0 
1788 17 0 80 0 
1789 40 0 80 0 
1790 15 0 51 1 
1791 72 1 125 1 
1792 41 1 126 1 
1793 32 1 113 0 
1794 49 1 70 1 
1795 18 0 63 0 
1796 16 0 63 0 
1797 37 1 98 1 
1798 37 1 80 0 
1799 6 1 79 1 
1800 21 1 88 0 
1801 33 0 88 0 
1802 36 0 47 0 
1803 100 1 102 1 
1804 28 0 102 1 
1805 14 0 52 0 
1806 14 0 59 0 
1807 20 0 29 1 
1808 20 0 44 1 
1809 87 1 91 0 
1810 69 0 96 1 
1811 96 1 119 0 
1812 24 0 100 1 
1813 35 1 65 0 
1814 8 1 117 0 
1815 72 1 102 1 
1816 60 1 72 1 
1817 72 1 122 0 
1818 14 0 72 1 
1819 62 0 72 1 
1820 123 1 125 1 
1821 39 0 41 1 
1822 67 0 126 1 
1823 64 0 87 1 
1824 53 0 112 0 
1825 13 1 98 1 
1826 110 0 113 0 
1827 65 0 127 1 
1828 32 1 81 0 
1829 106 0 116 0 
1830 91 0 120 0 
1831 49 1 85 1 
1832 16 0 97 1 
1833 9 0 97 1 
1834 0 0 97 1 
1835 84 1 100 1 
1836 58 0 100 1 
1837 82 1 128 1 
1838 47 0 85 1 
1839 56 0 61 1 
1840 7 0 56 0 
1841 26 0 56 0 
1842 27 1 56 0 
1843 56 0 74 0 
1844 56 0 58 0 
1845 56 0 69 0 
1846 54 0 56 0 
1847 56 0 114 0 
1848 26 0 117 0 
1849 15 0 41 1 
1850 12 0 102 1 
1851 125 1 132 0 
1852 51 1 128 1 
1853 18 0 51 1 
1854 18 0 22 1 
1855 8 1 112 0 
1856 51 1 67 0 
1857 20 0 58 0 
1858 36 0 66 1 
1859 18 0 43 0 
1860 10 0 46 0 
1861 88 0 127 1 
1862 7 0 127 1 
1863 17 0 47 0 
1864 51 1 98 1 
1865 24 0 125 1 
1866 15 0 24 0 
1867 24 0 61 1 
1868 24 0 56 0 
1869 24 0 74 0 
1870 18 0 106 0 
1871 37 1 100 1 
1872 10 0 100 1 
1873 84 1 102 1 
1874 5 0 70 1 
1875 65 0 86 0 
1876 47 0 50 1 
1877 36 0 50 1 
1878 3 0 40 0 
1879 23 1 94 1 
1880 46 0 94 1 
1881 8 1 52 0 
1882 20 0 52 0 
1883 52 0 86 0 
1884 46 0 52 0 
1885 59 0 76 1 
1886 56 0 84 1 
1887 36 0 67 0 
1888 46 0 120 0 
1889 63 0 79 1 
1890 9 0 77 1 
1891 67 0 77 1 
1892 118 0 126 1 
1893 70 1 118 0 
1894 64 0 67 0 
1895 64 0 86 0 
1896 56 0 103 0 
1897 14 0 42 1 
1898 21 1 85 1 
1899 75 0 131 0 
1900 50 1 121 0 
1901 19 1 63 0 
1902 32 1 63 0 
1903 9 0 63 0 
1904 63 0 122 0 
1905 74 0 112 0 
1906 65 0 105 1 
1907 40 0 85 1 
1908 36 0 112 0 
1909 45 1 78 1 
1910 104 0 118 0 
1911 77 1 104 0 
1912 98 1 112 0 
1913 27 1 105 1 
1914 8 1 29 1 
1915 29 1 117 0 
1916 3 0 117 0 
1917 39 0 83 1 
1918 83 1 95 1 
1919 83 1 97 1 
1920 27 1 83 1 
1921 83 1 132 0 
1922 57 1 66 1 
1923 10 0 70 1 
1924 16 0 46 0 
1925 21 1 125 1 
1926 51 1 94 1 
1927 92 0 94 1 
1928 30 0 45 1 
1929 30 0 124 1 
1930 1 0 64 0 
1931 19 1 84 1 
1932 84 1 119 0 
1933 26 0 60 1 
1934 84 1 115 1 
1935 34 0 112 0 
1936 38 0 39 0 
1937 7 0 71 0 
1938 56 0 108 0 
1939 83 1 123 1 
1940 83 1 128 1 
1941 46 0 67 0 
1942 12 0 26 0 
1943 41 1 123 1 
1944 4 1 88 0 
1945 15 0 113 0 
1946 1 0 99 0 
1947 65 0 69 0 
1948 69 0 87 1 
1949 5 0 66 1 
1950 24 0 62 0 
1951 39 0 132 0 
1952 17 0 38 0 
1953 85 1 98 1 
1954 36 0 51 1 
1955 36 0 107 0 
1956 17 0 70 1 
1957 16 0 84 1 
1958 8 1 84 1 
1959 33 0 83 1 
1960 109 0 125 1 
1961 88 0 109 0 
1962 15 0 125 1 
1963 65 0 129 0 
1964 37 1 87 1 
1965 52 0 87 1 
1966 4 1 21 1 
1967 32 1 38 0 
1968 47 0 125 1 
1969 24 0 132 0 
1970 76 1 87 1 
1971 87 1 108 0 
1972 87 1 110 0 
1973 0 0 87 1 
1974 44 1 115 1 
1975 21 1 118 0 
1976 14 0 38 0 
1977 66 1 128 1 
1978 66 1 102 1 
1979 51 1 54 0 
1980 9 0 54 0 
1981 42 1 54 0 
1982 0 0 54 0 
1983 50 1 54 0 
1984 39 0 54 0 
1985 52 0 105 1 
1986 46 0 105 1 
1987 64 0 83 1 
1988 61 1 110 0 
1989 77 1 124 1 
1990 83 1 124 1 
1991 56 0 109 0 
1992 72 1 98 1 
1993 16 0 94 1 
1994 27 1 60 1 
1995 19 1 103 0 
1996 19 1 116 0 
1997 63 0 132 0 
1998 26 0 63 0 
1999 16 0 119 0 
2000 57 1 116 0 
2001 40 0 117 0 
2002 29 1 65 0 
2003 66 1 117 0 
2004 66 1 85 1 
2005 11 0 97 1 
2006 56 0 105 1 
2007 87 1 128 1 
2008 46 0 56 0 
2009 14 0 125 1 
2010 70 1 90 0 
2011 18 0 70 1 
2012 10 0 26 0 
2013 86 0 126 1 
2014 56 0 80 0 
2015 36 0 84 1 
2016 45 1 53 0 
2017 46 0 53 0 
2018 52 0 53 0 
2019 52 0 63 0 
2020 63 0 109 0 
2021 63 0 98 1 
2022 5 0 115 1 
2023 35 1 75 0 
2024 27 1 47 0 
2025 70 1 113 0 
2026 10 0 127 1 
2027 39 0 72 1 
2028 22 1 52 0 
2029 36 0 132 0 
2030 38 0 123 1 
2031 81 0 105 1 
2032 50 1 126 1 
2033 25 1 126 1 
2034 61 1 126 1 
2035 123 1 126 1 
2036 94 1 126 1 
2037 87 1 126 1 
2038 53 0 126 1 
2039 122 0 126 1 
2040 23 1 126 1 
2041 65 0 126 1 
2042 119 0 126 1 
2043 40 0 86 0 
2044 79 1 89 1 
2045 5 0 108 0 
2046 27 1 119 0 
2047 100 1 131 0 
2048 19 1 47 0 
2049 47 0 117 0 
2050 1 0 47 0 
2051 47 0 51 1 
2052 4 1 47 0 
2053 30 0 47 0 
2054 47 0 71 0 
2055 44 1 47 0 
2056 21 1 110 0 
2057 47 0 116 0 
2058 26 0 29 1 
2059 26 0 81 0 
2060 26 0 125 1 
2061 26 0 105 1 
2062 14 0 26 0 
2063 15 0 59 0 
2064 12 0 18 0 
2065 12 0 83 1 
2066 12 0 77 1 
2067 12 0 37 1 
2068 12 0 52 0 
2069 12 0 124 1 
2070 69 0 105 1 
2071 38 0 50 1 
2072 38 0 75 0 
2073 7 0 59 0 
2074 10 0 14 0 
2075 69 0 125 1 
2076 36 0 69 0 
2077 76 1 125 1 
2078 75 0 96 1 
2079 33 0 79 1 
2080 52 0 97 1 
2081 41 1 97 1 
2082 84 1 97 1 
2083 97 1 108 0 
2084 40 0 97 1 
2085 46 0 100 1 
2086 27 1 40 0 
2087 1 0 56 0 
2088 54 0 67 0 
2089 99 0 100 1 
2090 42 1 99 0 
2091 63 0 67 0 
2092 18 0 102 1 
2093 50 1 80 0 
2094 10 0 63 0 
2095 28 0 63 0 
2096 70 1 95 1 
2097 10 0 41 1 
2098 81 0 112 0 
2099 18 0 33 0 
2100 77 1 100 1 
2101 25 1 85 1 
2102 85 1 125 1 
2103 15 0 50 1 
2104 59 0 70 1 
2105 40 0 116 0 
2106 44 1 116 0 
2107 7 0 116 0 
2108 2 1 116 0 
2109 116 0 120 0 
2110 1 0 116 0 
2111 65 0 85 1 
2112 78 1 100 1 
2113 22 1 57 1 
2114 57 1 78 1 
2115 46 0 57 1 
2116 57 1 61 1 
2117 57 1 74 0 
2118 41 1 78 1 
2119 28 0 96 1 
2120 28 0 128 1 
2121 47 0 61 1 
2122 42 1 105 1 
2123 29 1 39 0 
2124 9 0 120 0 
2125 44 1 80 0 
2126 16 0 106 0 
2127 1 0 117 0 
2128 87 1 127 1 
2129 37 1 69 0 
2130 44 1 128 1 
2131 44 1 79 1 
2132 15 0 67 0 
2133 79 1 123 1 
2134 81 0 98 1 
2135 108 0 130 1 
2136 84 1 130 1 
2137 69 0 130 1 
2138 130 1 132 0 
2139 30 0 130 1 
2140 34 0 75 0 
2141 69 0 71 0 
2142 15 0 27 1 
2143 36 0 74 0 
2144 77 1 117 0 
2145 67 0 96 1 
2146 16 0 44 1 
2147 118 0 120 0 
2148 13 1 59 0 
2149 92 0 98 1 
2150 67 0 106 0 
2151 10 0 71 0 
2152 42 1 112 0 
2153 42 1 66 1 
2154 42 1 84 1 
2155 39 0 42 1 
2156 42 1 100 1 
2157 42 1 62 0 
2158 42 1 104 0 
2159 51 1 87 1 
2160 68 1 87 1 
2161 87 1 129 0 
2162 42 1 65 0 
2163 8 1 18 0 
2164 4 1 123 1 
2165 97 1 125 1 
2166 66 1 100 1 
2167 2 1 126 1 
2168 2 1 27 1 
2169 2 1 111 1 
2170 123 1 130 1 
2171 115 1 116 0 
2172 70 1 106 0 
2173 106 0 115 1 
2174 29 1 106 0 
2175 85 1 106 0 
2176 103 0 106 0 
2177 112 0 114 0 
2178 31 1 45 1 
2179 43 0 99 0 
2180 37 1 99 0 
2181 75 0 99 0 
2182 99 0 132 0 
2183 24 0 99 0 
2184 37 1 58 0 
2185 16 0 58 0 
2186 97 1 129 0 
2187 33 0 35 1 
2188 10 0 59 0 
2189 37 1 59 0 
2190 21 1 40 0 
2191 31 1 67 0 
2192 10 0 109 0 
2193 16 0 56 0 
2194 24 0 75 0 
2195 101 1 131 0 
2196 86 0 108 0 
2197 108 0 117 0 
2198 29 1 35 1 
2199 29 1 124 1 
2200 71 0 113 0 
2201 69 0 113 0 
2202 82 1 113 0 
2203 28 0 90 0 
2204 86 0 123 1 
2205 73 0 123 1 
2206 30 0 34 0 
2207 33 0 41 1 
2208 9 0 84 1 
2209 109 0 119 0 
2210 19 1 119 0 
2211 70 1 119 0 
2212 9 0 119 0 
2213 88 0 119 0 
2214 82 1 123 1 
2215 10 0 92 0 
2216 38 0 62 0 
2217 62 0 75 0 
2218 77 1 90 0 
2219 20 0 114 0 
2220 24 0 129 0 
2221 41 1 69 0 
2222 3 0 36 0 
2223 18 0 80 0 
2224 18 0 71 0 
2225 22 1 98 1 
2226 35 1 126 1 
2227 1 0 112 0 
2228 30 0 112 0 
2229 55 0 110 0 
2230 6 1 27 1 
2231 18 0 90 0 
2232 56 0 129 0 
2233 8 1 129 0 
2234 22 1 132 0 
2235 61 1 74 0 
2236 69 0 119 0 
2237 5 0 45 1 
2238 61 1 96 1 
2239 34 0 113 0 
2240 45 1 97 1 
2241 50 1 132 0 
2242 20 0 122 0 
2243 19 1 44 1 
2244 21 1 41 1 
2245 98 1 100 1 
2246 74 0 98 1 
2247 115 1 134 1 
2248 114 0 119 0 
2249 27 1 54 0 
2250 97 1 119 0 
2251 60 1 116 0 
2252 72 1 100 1 
2253 50 1 109 0 
2254 7 0 50 1 
2255 62 0 125 1 
2256 68 1 74 0 
2257 5 0 109 0 
2258 68 1 123 1 
2259 18 0 104 0 
2260 51 1 102 1 
2261 71 0 73 0 
2262 67 0 119 0 
2263 101 1 120 0 
2264 5 0 124 1 
2265 25 1 79 1 
2266 77 1 102 1 
2267 101 1 106 0 
2268 87 1 121 0 
2269 65 0 95 1 
2270 30 0 65 0 
2271 65 0 103 0 
2272 62 0 65 0 
2273 16 0 45 1 
2274 16 0 37 1 
2275 52 0 80 0 
2276 122 0 124 1 
2277 92 0 104 0 
2278 50 1 56 0 
2279 50 1 83 1 
2280 106 0 122 0 
2281 44 1 82 1 
2282 44 1 97 1 
2283 10 0 30 0 
2284 39 0 73 0 
2285 42 1 123 1 
2286 108 0 116 0 
2287 9 0 47 0 
2288 9 0 28 0 
2289 11 0 77 1 
2290 11 0 99 0 
2291 2 1 11 0 
2292 11 0 114 0 
2293 18 0 119 0 
2294 61 1 119 0 
2295 35 1 119 0 
2296 31 1 119 0 
2297 34 0 119 0 
2298 12 0 119 0 
2299 50 1 120 0 
2300 67 0 130 1 
2301 65 0 109 0 
2302 83 1 110 0 
2303 48 1 67 0 
2304 35 1 67 0 
2305 63 0 118 0 
2306 78 1 90 0 
2307 46 0 88 0 
2308 38 0 46 0 
2309 22 1 46 0 
2310 7 0 122 0 
2311 7 0 81 0 
2312 7 0 128 1 
2313 89 1 105 1 
2314 67 0 89 1 
2315 83 1 89 1 
2316 52 0 96 1 
2317 58 0 104 0 
2318 17 0 24 0 
2319 100 1 110 0 
2320 90 0 100 1 
2321 106 0 110 0 
2322 13 1 44 1 
2323 16 0 49 1 
2324 21 1 49 1 
2325 0 0 100 1 
2326 10 0 61 1 
2327 9 0 61 1 
2328 61 1 72 1 
2329 61 1 71 0 
2330 75 0 122 0 
2331 10 0 97 1 
2332 70 1 77 1 
2333 34 0 123 1 
2334 38 0 44 1 
2335 19 1 85 1 
2336 55 0 85 1 
2337 85 1 108 0 
2338 85 1 100 1 
2339 85 1 91 0 
2340 33 0 85 1 
2341 18 0 88 0 
2342 10 0 110 0 
2343 109 0 123 1 
2344 44 1 123 1 
2345 123 1 132 0 
2346 116 0 123 1 
2347 3 0 123 1 
2348 40 0 99 0 
2349 16 0 83 1 
2350 44 1 83 1 
2351 4 1 18 0 
2352 50 1 86 0 
2353 97 1 131 0 
2354 3 0 61 1 
2355 67 0 88 0 
2356 86 0 128 1 
2357 67 0 86 0 
2358 56 0 83 1 
2359 61 1 67 0 
2360 54 0 72 1 
2361 65 0 101 1 
2362 24 0 55 0 
2363 52 0 102 1 
2364 81 0 86 0 
2365 52 0 115 1 
2366 52 0 98 1 
2367 52 0 74 0 
2368 1 0 113 0 
2369 80 0 117 0 
2370 34 0 63 0 
2371 10 0 120 0 
2372 13 1 69 0 
2373 9 0 79 1 
2374 21 1 79 1 
2375 40 0 46 0 
2376 18 0 83 1 
2377 5 0 92 0 
2378 2 1 93 1 
2379 87 1 118 0 
2380 75 0 81 0 
2381 79 1 99 0 
2382 16 0 26 0 
2383 67 0 95 1 
2384 15 0 28 0 
2385 15 0 97 1 
2386 21 1 37 1 
2387 21 1 97 1 
2388 17 0 21 1 
2389 21 1 90 0 
2390 21 1 25 1 
2391 21 1 74 0 
2392 21 1 122 0 
2393 7 0 100 1 
2394 18 0 35 1 
2395 35 1 52 0 
2396 94 1 113 0 
2397 109 0 113 0 
2398 6 1 87 1 
2399 47 0 102 1 
2400 80 0 106 0 
2401 24 0 97 1 
2402 65 0 107 0 
2403 46 0 65 0 
2404 65 0 94 1 
2405 65 0 74 0 
2406 38 0 65 0 
2407 8 1 132 0 
2408 37 1 57 1 
2409 10 0 60 1 
2410 5 0 23 1 
2411 5 0 46 0 
2412 19 1 39 0 
2413 70 1 126 1 
2414 70 1 73 0 
2415 70 1 98 1 
2416 2 1 70 1 
2417 28 0 120 0 
2418 18 0 109 0 
2419 78 1 84 1 
2420 79 1 117 0 
2421 37 1 97 1 
2422 35 1 62 0 
2423 34 0 49 1 
2424 0 0 60 1 
2425 0 0 22 1 
2426 0 0 94 1 
2427 0 0 7 0 
2428 0 0 63 0 
2429 0 0 58 0 
2430 0 0 20 0 
2431 13 1 97 1 
2432 57 1 129 0 
2433 116 0 130 1 
2434 67 0 105 1 
2435 58 0 117 0 
2436 10 0 98 1 
2437 79 1 113 0 
2438 112 0 119 0 
2439 47 0 106 0 
2440 37 1 70 1 
2441 28 0 47 0 
2442 2 1 85 1 
2443 75 0 100 1 
2444 84 1 88 0 
2445 42 1 94 1 
2446 77 1 103 0 
2447 117 0 122 0 
2448 37 1 56 0 
2449 10 0 56 0 
2450 56 0 107 0 
2451 37 1 118 0 
2452 52 0 118 0 
2453 111 1 118 0 
2454 30 0 131 0 
2455 96 1 103 0 
2456 103 0 109 0 
2457 42 1 103 0 
2458 103 0 112 0 
2459 75 0 103 0 
2460 33 0 103 0 
2461 103 0 114 0 
2462 72 1 77 1 
2463 30 0 52 0 
2464 50 1 94 1 
2465 50 1 59 0 
2466 12 0 13 1 
2467 81 0 127 1 
2468 45 1 81 0 
2469 71 0 81 0 
2470 80 0 83 1 
2471 61 1 83 1 
2472 38 0 52 0 
2473 5 0 52 0 
2474 42 1 73 0 
2475 1 0 57 1 
2476 20 0 83 1 
2477 34 0 66 1 
2478 34 0 129 0 
2479 34 0 122 0 
2480 34 0 73 0 
2481 30 0 125 1 
2482 51 1 69 0 
2483 8 1 102 1 
2484 8 1 66 1 
2485 8 1 63 0 
2486 94 1 124 1 
2487 50 1 131 0 
2488 6 1 18 0 
2489 20 0 33 0 
2490 33 0 97 1 
2491 38 0 41 1 
2492 54 0 132 0 
2493 45 1 54 0 
2494 39 0 97 1 
2495 18 0 127 1 
2496 99 0 128 1 
2497 36 0 128 1 
2498 33 0 128 1 
2499 25 1 59 0 
2500 120 0 122 0 
2501 31 1 129 0 
2502 7 0 42 1 
2503 42 1 109 0 
2504 42 1 75 0 
2505 75 0 85 1 
2506 40 0 75 0 
2507 1 0 75 0 
2508 75 0 83 1 
2509 75 0 119 0 
2510 0 0 75 0 
2511 20 0 40 0 
2512 65 0 119 0 
2513 52 0 60 1 
2514 24 0 44 1 
2515 16 0 100 1 
2516 100 1 107 0 
2517 8 1 30 0 
2518 42 1 111 1 
2519 96 1 123 1 
2520 34 0 87 1 
2521 37 1 67 0 
2522 37 1 130 1 
2523 85 1 87 1 
2524 30 0 51 1 
2525 110 0 117 0 
2526 7 0 79 1 
2527 68 1 79 1 
2528 16 0 79 1 
2529 79 1 106 0 
2530 79 1 107 0 
2531 65 0 79 1 
2532 2 1 79 1 
2533 87 1 132 0 
2534 8 1 38 0 
2535 71 0 94 1 
2536 65 0 122 0 
2537 37 1 122 0 
2538 125 1 130 1 
2539 34 0 46 0 
2540 34 0 77 1 
2541 13 1 50 1 
2542 57 1 89 1 
2543 57 1 123 1 
2544 57 1 67 0 
2545 30 0 54 0 
2546 54 0 113 0 
2547 106 0 108 0 
2548 5 0 106 0 
2549 13 1 106 0 
2550 106 0 123 1 
2551 106 0 111 1 
2552 51 1 106 0 
2553 21 1 38 0 
2554 4 1 87 1 
2555 31 1 34 0 
2556 63 0 87 1 
2557 9 0 24 0 
2558 24 0 119 0 
2559 8 1 24 0 
2560 24 0 46 0 
2561 60 1 119 0 
2562 1 0 119 0 
2563 8 1 119 0 
2564 21 1 119 0 
2565 46 0 119 0 
2566 16 0 28 0 
2567 28 0 91 0 
2568 71 0 92 0 
2569 45 1 46 0 
2570 45 1 59 0 
2571 45 1 128 1 
2572 45 1 102 1 
2573 45 1 60 1 
2574 6 1 45 1 
2575 45 1 122 0 
2576 45 1 64 0 
2577 80 0 123 1 
2578 8 1 126 1 
2579 21 1 112 0 
2580 58 0 109 0 
2581 18 0 56 0 
2582 2 1 56 0 
2583 28 0 56 0 
2584 56 0 122 0 
2585 56 0 87 1 
2586 20 0 36 0 
2587 1 0 122 0 
2588 14 0 17 0 
2589 18 0 126 1 
2590 66 1 126 1 
2591 115 1 126 1 
2592 58 0 126 1 
2593 5 0 126 1 
2594 82 1 126 1 
2595 59 0 73 0 
2596 66 1 77 1 
2597 26 0 45 1 
2598 45 1 121 0 
2599 19 1 91 0 
2600 89 1 130 1 
2601 44 1 84 1 
2602 13 1 126 1 
2603 52 0 88 0 
2604 10 0 131 0 
2605 119 0 120 0 
2606 17 0 103 0 
2607 38 0 49 1 
2608 23 1 38 0 
2609 38 0 132 0 
2610 13 1 25 1 
2611 34 0 94 1 
2612 116 0 126 1 
2613 32 1 46 0 
2614 46 0 79 1 
2615 30 0 46 0 
2616 46 0 69 0 
2617 7 0 98 1 
2618 79 1 83 1 
2619 30 0 83 1 
2620 63 0 71 0 
2621 63 0 103 0 
2622 13 1 41 1 
2623 13 1 64 0 
2624 13 1 47 0 
2625 13 1 82 1 
2626 13 1 99 0 
2627 24 0 28 0 
2628 24 0 50 1 
2629 61 1 76 1 
2630 76 1 84 1 
2631 69 0 76 1 
2632 27 1 76 1 
2633 76 1 105 1 
2634 51 1 76 1 
2635 76 1 131 0 
2636 76 1 88 0 
2637 76 1 92 0 
2638 42 1 70 1 
2639 121 0 123 1 
2640 51 1 120 0 
2641 62 0 98 1 
2642 43 0 47 0 
2643 75 0 88 0 
2644 75 0 113 0 
2645 98 1 122 0 
2646 34 0 98 1 
2647 70 1 79 1 
2648 37 1 94 1 
2649 16 0 22 1 
2650 16 0 72 1 
2651 70 1 96 1 
2652 98 1 128 1 
2653 25 1 28 0 
2654 51 1 73 0 
2655 1 0 21 1 
2656 82 1 106 0 
2657 45 1 61 1 
2658 36 0 85 1 
2659 26 0 109 0 
2660 105 1 128 1 
2661 10 0 28 0 
2662 69 0 132 0 
2663 14 0 61 1 
2664 14 0 78 1 
2665 14 0 68 1 
2666 14 0 115 1 
2667 14 0 98 1 
2668 14 0 51 1 
2669 14 0 127 1 
2670 67 0 69 0 
2671 36 0 44 1 
2672 18 0 44 1 
2673 44 1 68 1 
2674 44 1 104 0 
2675 44 1 122 0 
2676 10 0 44 1 
2677 2 1 44 1 
2678 108 0 125 1 
2679 81 0 106 0 
2680 16 0 81 0 
2681 2 1 71 0 
2682 80 0 102 1 
2683 93 1 102 1 
2684 7 0 51 1 
2685 0 0 111 1 
2686 5 0 123 1 
2687 13 1 118 0 
2688 21 1 69 0 
2689 28 0 40 0 
2690 17 0 28 0 
2691 28 0 29 1 
2692 20 0 28 0 
2693 116 0 124 1 
2694 39 0 57 1 
2695 36 0 39 0 
2696 6 1 24 0 
2697 42 1 106 0 
2698 10 0 51 1 
2699 3 0 10 0 
2700 10 0 29 1 
2701 63 0 112 0 
2702 43 0 44 1 
2703 44 1 108 0 
2704 85 1 116 0 
2705 74 0 122 0 
2706 74 0 97 1 
2707 74 0 115 1 
2708 74 0 86 0 
2709 74 0 107 0 
2710 105 1 108 0 
2711 29 1 105 1 
2712 67 0 128 1 
2713 82 1 94 1 
2714 61 1 130 1 
2715 14 0 25 1 
2716 39 0 53 0 
2717 28 0 119 0 
2718 15 0 34 0 
2719 1 0 12 0 
2720 77 1 132 0 
2721 4 1 52 0 
2722 4 1 46 0 
2723 4 1 49 1 
2724 70 1 100 1 
2725 6 1 67 0 
2726 6 1 61 1 
2727 46 0 123 1 
2728 45 1 98 1 
2729 124 1 131 0 
2730 77 1 97 1 
2731 35 1 128 1 
2732 52 0 128 1 
2733 52 0 131 0 
2734 49 1 101 1 
2735 10 0 79 1 
2736 79 1 102 1 
2737 66 1 79 1 
2738 75 0 79 1 
2739 30 0 79 1 
2740 79 1 118 0 
2741 70 1 112 0 
2742 3 0 50 1 
2743 27 1 113 0 
2744 24 0 30 0 
2745 21 1 126 1 
2746 18 0 41 1 
2747 57 1 59 0 
2748 21 1 59 0 
2749 8 1 69 0 
2750 99 0 114 0 
2751 72 1 99 0 
2752 21 1 47 0 
2753 34 0 72 1 
2754 38 0 90 0 
2755 83 1 84 1 
2756 47 0 77 1 
2757 90 0 116 0 
2758 46 0 47 0 
2759 67 0 117 0 
2760 34 0 67 0 
2761 2 1 67 0 
2762 8 1 122 0 
2763 5 0 42 1 
2764 8 1 9 0 
2765 42 1 87 1 
2766 27 1 71 0 
2767 41 1 103 0 
2768 24 0 27 1 
2769 54 0 105 1 
2770 65 0 115 1 
2771 2 1 50 1 
2772 6 1 126 1 
2773 117 0 126 1 
2774 63 0 126 1 
2775 65 0 68 1 
2776 67 0 79 1 
2777 67 0 92 0 
2778 54 0 114 0 
2779 25 1 130 1 
2780 7 0 66 1 
2781 7 0 74 0 
2782 7 0 44 1 
2783 45 1 84 1 
2784 13 1 131 0 
2785 96 1 131 0 
2786 131 0 132 0 
2787 66 1 131 0 
2788 109 0 131 0 
2789 122 0 131 0 
2790 120 0 131 0 
2791 15 0 131 0 
2792 8 1 127 1 
2793 10 0 124 1 
2794 39 0 124 1 
2795 44 1 124 1 
2796 73 0 124 1 
2797 2 1 125 1 
2798 2 1 16 0 
2799 18 0 19 1 
2800 70 1 120 0 
2801 1 0 127 1 
2802 29 1 127 1 
2803 94 1 112 0 
2804 80 0 112 0 
2805 33 0 112 0 
2806 1 0 83 1 
2807 28 0 38 0 
2808 27 1 28 0 
2809 28 0 71 0 
2810 8 1 67 0 
2811 66 1 95 1 
2812 60 1 95 1 
2813 23 1 45 1 
2814 21 1 22 1 
2815 18 0 86 0 
2816 19 1 86 0 
2817 68 1 71 0 
2818 40 0 98 1 
2819 44 1 98 1 
2820 22 1 107 0 
2821 100 1 128 1 
2822 2 1 24 0 
2823 25 1 43 0 
2824 75 0 87 1 
2825 57 1 131 0 
2826 27 1 29 1 
2827 0 0 62 0 
2828 73 0 127 1 
2829 23 1 73 0 
2830 50 1 74 0 
2831 29 1 36 0 
2832 47 0 122 0 
2833 5 0 26 0 
2834 72 1 84 1 
2835 19 1 72 1 
2836 72 1 93 1 
2837 37 1 72 1 
2838 59 0 105 1 
2839 72 1 128 1 
2840 13 1 90 0 
2841 13 1 63 0 
2842 85 1 132 0 
2843 35 1 85 1 
2844 3 0 85 1 
2845 124 1 132 0 
2846 109 0 124 1 
2847 27 1 44 1 
2848 98 1 118 0 
2849 50 1 69 0 
2850 22 1 48 1 
2851 58 0 127 1 
2852 107 0 108 0 
2853 52 0 107 0 
2854 107 0 126 1 
2855 88 0 107 0 
2856 45 1 107 0 
2857 38 0 107 0 
2858 51 1 61 1 
2859 49 1 51 1 
2860 51 1 90 0 
2861 51 1 58 0 
2862 51 1 86 0 
2863 0 0 120 0 
2864 15 0 117 0 
2865 18 0 117 0 
2866 53 0 117 0 
2867 117 0 132 0 
2868 105 1 106 0 
2869 24 0 67 0 
2870 22 1 100 1 
2871 17 0 46 0 
2872 71 0 83 1 
2873 41 1 83 1 
2874 49 1 83 1 
2875 21 1 82 1 
2876 29 1 51 1 
2877 14 0 39 0 
2878 14 0 60 1 
2879 14 0 97 1 
2880 14 0 47 0 
2881 14 0 121 0 
2882 14 0 67 0 
2883 14 0 29 1 
2884 14 0 110 0 
2885 52 0 124 1 
2886 46 0 131 0 
2887 27 1 114 0 
2888 114 0 127 1 
2889 37 1 114 0 
2890 77 1 114 0 
2891 66 1 93 1 
2892 8 1 33 0 
2893 4 1 79 1 
2894 46 0 51 1 
2895 31 1 91 0 
2896 26 0 52 0 
2897 26 0 50 1 
2898 26 0 54 0 
2899 13 1 83 1 
2900 66 1 113 0 
2901 16 0 80 0 
2902 24 0 35 1 
2903 52 0 132 0 
2904 25 1 120 0 
2905 18 0 77 1 
2906 15 0 18 0 
2907 119 0 127 1 
2908 50 1 130 1 
2909 50 1 51 1 
2910 71 0 114 0 
2911 105 1 125 1 
2912 73 0 125 1 
2913 44 1 125 1 
2914 1 0 106 0 
2915 67 0 115 1 
2916 29 1 119 0 
2917 65 0 83 1 
2918 44 1 126 1 
2919 62 0 71 0 
2920 13 1 70 1 
2921 64 0 117 0 
2922 102 1 116 0 
2923 11 0 116 0 
2924 65 0 116 0 
2925 25 1 116 0 
2926 62 0 116 0 
2927 50 1 103 0 
2928 74 0 128 1 
2929 54 0 119 0 
2930 18 0 128 1 
2931 30 0 76 1 
2932 15 0 80 0 
2933 43 0 51 1 
2934 16 0 107 0 
2935 62 0 94 1 
2936 36 0 120 0 
2937 70 1 83 1 
2938 26 0 71 0 
2939 67 0 73 0 
2940 15 0 38 0 
2941 19 1 22 1 
2942 1 0 67 0 
2943 56 0 128 1 
2944 97 1 112 0 
2945 37 1 71 0 
2946 46 0 71 0 
2947 54 0 71 0 
2948 71 0 93 1 
2949 70 1 71 0 
2950 71 0 120 0 
2951 48 1 115 1 
2952 33 0 70 1 
2953 40 0 49 1 
2954 70 1 87 1 
2955 127 1 130 1 
2956 58 0 99 0 
2957 49 1 82 1 
2958 11 0 124 1 
2959 46 0 124 1 
2960 83 1 102 1 
2961 40 0 87 1 
2962 41 1 42 1 
2963 90 0 129 0 
2964 19 1 110 0 
2965 110 0 131 0 
2966 14 0 81 0 
2967 6 1 112 0 
2968 6 1 30 0 
2969 24 0 126 1 
2970 34 0 81 0 
2971 14 0 23 1 
2972 66 1 67 0 
2973 30 0 67 0 
2974 82 1 108 0 
2975 19 1 94 1 
2976 18 0 125 1 
2977 23 1 80 0 
2978 5 0 87 1 
2979 124 1 127 1 
2980 37 1 128 1 
2981 8 1 124 1 
2982 64 0 112 0 
2983 108 0 112 0 
2984 16 0 51 1 
2985 36 0 70 1 
2986 18 0 26 0 
2987 25 1 50 1 
2988 37 1 50 1 
2989 102 1 124 1 
2990 107 0 125 1 
2991 44 1 107 0 
2992 64 0 103 0 
2993 66 1 87 1 
2994 27 1 104 0 
2995 11 0 57 1 
2996 37 1 46 0 
2997 38 0 40 0 
2998 5 0 57 1 
2999 42 1 96 1 
3000 28 0 101 1 
3001 0 0 28 0 
3002 28 0 116 0 
3003 79 1 115 1 
3004 60 1 125 1 
3005 10 0 27 1 
3006 101 1 112 0 
3007 9 0 129 0 
3008 71 0 128 1 
3009 34 0 105 1 
3010 59 0 126 1 
3011 59 0 96 1 
3012 59 0 65 0 
3013 59 0 99 0 
3014 40 0 109 0 
3015 97 1 114 0 
3016 28 0 97 1 
3017 6 1 73 0 
3018 79 1 80 0 
3019 92 0 114 0 
3020 92 0 115 1 
3021 50 1 117 0 
3022 40 0 124 1 
3023 52 0 129 0 
3024 3 0 96 1 
3025 19 1 69 0 
3026 13 1 40 0 
3027 40 0 95 1 
3028 40 0 111 1 
3029 40 0 67 0 
3030 14 0 40 0 
3031 40 0 54 0 
3032 23 1 40 0 
3033 8 1 10 0 
3034 10 0 47 0 
3035 11 0 88 0 
3036 19 1 98 1 
3037 65 0 98 1 
3038 4 1 98 1 
3039 47 0 98 1 
3040 94 1 100 1 
3041 54 0 82 1 
3042 2 1 119 0 
3043 39 0 56 0 
3044 18 0 42 1 
3045 45 1 93 1 
3046 34 0 36 0 
3047 34 0 65 0 
3048 17 0 67 0 
3049 27 1 50 1 
3050 27 1 57 1 
3051 68 1 109 0 
3052 43 0 52 0 
3053 52 0 116 0 
3054 59 0 82 1 
3055 82 1 105 1 
3056 41 1 105 1 
3057 93 1 105 1 
3058 33 0 105 1 
3059 105 1 111 1 
3060 88 0 105 1 
3061 47 0 70 1 
3062 8 1 118 0 
3063 63 0 106 0 
3064 78 1 106 0 
3065 76 1 106 0 
3066 90 0 106 0 
3067 56 0 93 1 
3068 66 1 71 0 
3069 53 0 128 1 
3070 39 0 51 1 
3071 8 1 27 1 
3072 27 1 46 0 
3073 40 0 79 1 
3074 31 1 41 1 
3075 41 1 96 1 
3076 45 1 127 1 
3077 36 0 56 0 
3078 33 0 51 1 
3079 68 1 77 1 
3080 1 0 125 1 
3081 64 0 66 1 
3082 64 0 127 1 
3083 41 1 64 0 
3084 62 0 64 0 
3085 2 1 64 0 
3086 77 1 81 0 
3087 77 1 92 0 
3088 1 0 77 1 
3089 60 1 113 0 
3090 90 0 113 0 
3091 64 0 113 0 
3092 58 0 113 0 
3093 83 1 113 0 
3094 33 0 67 0 
3095 14 0 102 1 
3096 44 1 57 1 
3097 0 0 10 0 
3098 24 0 58 0 
3099 31 1 65 0 
3100 42 1 58 0 
3101 19 1 53 0 
3102 46 0 61 1 
3103 29 1 64 0 
3104 80 0 109 0 
3105 110 0 126 1 
3106 40 0 112 0 
3107 1 0 103 0 
3108 22 1 58 0 
3109 28 0 60 1 
3110 1 0 26 0 
3111 57 1 126 1 
3112 94 1 98 1 
3113 42 1 98 1 
3114 98 1 102 1 
3115 50 1 98 1 
3116 38 0 98 1 
3117 58 0 97 1 
3118 29 1 75 0 
3119 24 0 102 1 
3120 16 0 102 1 
3121 7 0 120 0 
3122 73 0 98 1 
3123 73 0 93 1 
3124 5 0 111 1 
3125 75 0 111 1 
3126 20 0 43 0 
3127 50 1 129 0 
3128 59 0 108 0 
3129 59 0 62 0 
3130 94 1 118 0 
3131 17 0 116 0 
3132 70 1 116 0 
3133 80 0 116 0 
3134 38 0 116 0 
3135 29 1 69 0 
3136 63 0 115 1 
3137 39 0 115 1 
3138 117 0 125 1 
3139 8 1 32 1 
3140 13 1 16 0 
3141 16 0 127 1 
3142 16 0 39 0 
3143 16 0 73 0 
3144 74 0 88 0 
3145 60 1 83 1 
3146 21 1 72 1 
3147 63 0 72 1 
3148 72 1 79 1 
3149 72 1 118 0 
3150 33 0 121 0 
3151 2 1 14 0 
3152 45 1 117 0 
3153 35 1 49 1 
3154 21 1 39 0 
3155 35 1 120 0 
3156 25 1 104 0 
3157 25 1 117 0 
3158 25 1 98 1 
3159 25 1 69 0 
3160 86 0 117 0 
3161 29 1 45 1 
3162 84 1 86 0 
3163 116 0 121 0 
3164 80 0 120 0 
3165 9 0 83 1 
3166 9 0 76 1 
3167 5 0 9 0 
3168 9 0 71 0 
3169 9 0 107 0 
3170 9 0 111 1 
3171 11 0 100 1 
3172 11 0 86 0 
3173 38 0 112 0 
3174 34 0 37 1 
3175 20 0 54 0 
3176 65 0 125 1 
3177 95 1 115 1 
3178 34 0 42 1 
3179 17 0 129 0 
3180 59 0 60 1 
3181 75 0 125 1 
3182 50 1 53 0 
3183 39 0 103 0 
3184 117 0 120 0 
3185 24 0 37 1 
3186 5 0 100 1 
3187 86 0 125 1 
3188 25 1 135 1 
3189 42 1 52 0 
3190 24 0 52 0 
3191 52 0 114 0 
3192 41 1 106 0 
3193 34 0 93 1 
3194 93 1 96 1 
3195 35 1 80 0 
3196 1 0 80 0 
3197 33 0 84 1 
3198 77 1 125 1 
3199 63 0 125 1 
3200 122 0 125 1 
3201 53 0 125 1 
3202 46 0 125 1 
3203 5 0 35 1 
3204 28 0 61 1 
3205 33 0 56 0 
3206 114 0 115 1 
3207 27 1 115 1 
3208 57 1 69 0 
3209 52 0 84 1 
3210 2 1 52 0 
3211 26 0 115 1 
3212 19 1 26 0 
3213 20 0 130 1 
3214 10 0 86 0 
3215 22 1 113 0 
3216 22 1 71 0 
3217 22 1 62 0 
3218 22 1 103 0 
3219 70 1 108 0 
3220 30 0 70 1 
3221 11 0 37 1 
3222 11 0 52 0 
3223 11 0 131 0 
3224 11 0 23 1 
3225 11 0 56 0 
3226 11 0 98 1 
3227 11 0 96 1 
3228 11 0 20 0 
3229 6 1 38 0 
3230 15 0 57 1 
3231 30 0 117 0 
3232 31 1 50 1 
3233 25 1 124 1 
3234 24 0 82 1 
3235 50 1 85 1 
3236 21 1 106 0 
3237 21 1 80 0 
3238 21 1 52 0 
3239 21 1 99 0 
3240 7 0 112 0 
3241 13 1 128 1 
3242 28 0 98 1 
3243 14 0 130 1 
3244 16 0 109 0 
3245 63 0 82 1 
3246 29 1 72 1 
3247 4 1 51 1 
3248 44 1 105 1 
3249 81 0 100 1 
3250 2 1 96 1 
3251 120 0 121 0 
3252 121 0 130 1 
3253 10 0 123 1 
3254 21 1 113 0 
3255 8 1 21 1 
3256 20 0 21 1 
3257 14 0 105 1 
3258 24 0 108 0 
3259 24 0 33 0 
3260 24 0 120 0 
3261 33 0 65 0 
3262 33 0 123 1 
3263 107 0 123 1 
3264 59 0 130 1 
3265 53 0 59 0 
3266 42 1 60 1 
3267 10 0 40 0 
3268 22 1 24 0 
3269 4 1 81 0 
3270 33 0 122 0 
3271 87 1 122 0 
3272 40 0 103 0 
3273 5 0 88 0 
3274 34 0 70 1 
3275 30 0 40 0 
3276 31 1 130 1 
3277 9 0 50 1 
3278 5 0 47 0 
3279 41 1 120 0 
3280 60 1 69 0 
3281 69 0 100 1 
3282 92 0 100 1 
3283 88 0 100 1 
3284 58 0 105 1 
3285 58 0 72 1 
3286 90 0 102 1 
3287 97 1 127 1 
3288 110 0 127 1 
3289 15 0 127 1 
3290 62 0 127 1 
3291 54 0 127 1 
3292 35 1 58 0 
3293 79 1 124 1 
3294 79 1 128 1 
3295 5 0 79 1 
3296 1 0 79 1 
3297 1 0 123 1 
3298 6 1 52 0 
3299 88 0 124 1 
3300 4 1 100 1 
3301 3 0 39 0 
3302 63 0 119 0 
3303 38 0 63 0 
3304 13 1 24 0 
3305 24 0 77 1 
3306 40 0 71 0 
3307 33 0 71 0 
3308 71 0 74 0 
3309 71 0 124 1 
3310 31 1 109 0 
3311 70 1 114 0 
3312 23 1 116 0 
3313 73 0 132 0 
3314 28 0 94 1 
3315 2 1 100 1 
3316 38 0 122 0 
3317 3 0 94 1 
3318 3 0 21 1 
3319 7 0 83 1 
3320 83 1 94 1 
3321 83 1 119 0 
3322 40 0 72 1 
3323 111 1 125 1 
3324 22 1 27 1 
3325 20 0 66 1 
3326 98 1 124 1 
3327 61 1 79 1 
3328 61 1 92 0 
3329 12 0 20 0 
3330 29 1 112 0 
3331 4 1 84 1 
3332 7 0 53 0 
3333 91 0 110 0 
3334 29 1 91 0 
3335 0 0 115 1 
3336 35 1 38 0 
3337 20 0 39 0 
3338 9 0 20 0 
3339 3 0 82 1 
3340 16 0 38 0 
3341 76 1 119 0 
3342 27 1 88 0 
3343 61 1 78 1 
3344 14 0 75 0 
3345 58 0 94 1 
3346 63 0 94 1 
3347 6 1 96 1 
3348 51 1 122 0 
3349 99 0 103 0 
3350 23 1 42 1 
3351 10 0 72 1 
3352 8 1 123 1 
3353 109 0 117 0 
3354 98 1 117 0 
3355 35 1 36 0 
3356 29 1 84 1 
3357 60 1 84 1 
3358 84 1 92 0 
3359 16 0 125 1 
3360 16 0 66 1 
3361 16 0 99 0 
3362 16 0 67 0 
3363 47 0 104 0 
3364 60 1 99 0 
3365 60 1 86 0 
3366 60 1 122 0 
3367 77 1 120 0 
3368 19 1 77 1 
3369 12 0 104 0 
3370 51 1 79 1 
3371 79 1 129 0 
3372 8 1 116 0 
3373 100 1 127 1 
3374 75 0 80 0 
3375 0 0 50 1 
3376 12 0 15 0 
3377 46 0 126 1 
3378 20 0 25 1 
3379 20 0 75 0 
3380 20 0 64 0 
3381 2 1 20 0 
3382 20 0 45 1 
3383 30 0 86 0 
3384 8 1 54 0 
3385 108 0 123 1 
3386 21 1 53 0 
3387 1 0 71 0 
3388 71 0 80 0 
3389 80 0 91 0 
3390 33 0 46 0 
3391 21 1 48 1 
3392 79 1 116 0 
3393 87 1 109 0 
3394 33 0 36 0 
3395 77 1 116 0 
3396 57 1 112 0 
3397 74 0 120 0 
3398 6 1 117 0 
3399 71 0 84 1 
3400 17 0 96 1 
3401 64 0 65 0 
3402 76 1 117 0 
3403 15 0 64 0 
3404 17 0 126 1 
3405 9 0 27 1 
3406 99 0 115 1 
3407 2 1 130 1 
3408 6 1 66 1 
3409 6 1 84 1 
3410 84 1 108 0 
3411 77 1 110 0 
3412 97 1 98 1 
3413 86 0 87 1 
3414 23 1 87 1 
3415 87 1 111 1 
3416 87 1 100 1 
3417 87 1 103 0 
3418 78 1 132 0 
3419 10 0 91 0 
3420 14 0 43 0 
3421 63 0 124 1 
3422 92 0 130 1 
3423 26 0 112 0 
3424 60 1 81 0 
3425 81 0 91 0 
3426 47 0 81 0 
3427 67 0 114 0 
3428 9 0 109 0 
3429 39 0 109 0 
3430 92 0 109 0 
3431 106 0 109 0 
3432 3 0 109 0 
3433 20 0 104 0 
3434 80 0 108 0 
3435 80 0 125 1 
3436 70 1 80 0 
3437 80 0 129 0 
3438 80 0 121 0 
3439 6 1 132 0 
3440 86 0 130 1 
3441 82 1 132 0 
3442 100 1 124 1 
3443 22 1 69 0 
3444 22 1 39 0 
3445 4 1 13 1 
3446 102 1 132 0 
3447 27 1 38 0 
3448 74 0 127 1 
3449 58 0 74 0 
3450 29 1 47 0 
3451 47 0 118 0 
3452 5 0 11 0 
3453 37 1 125 1 
3454 19 1 37 1 
3455 19 1 82 1 
3456 16 0 29 1 
3457 74 0 84 1 
3458 1 0 109 0 
3459 27 1 80 0 
3460 26 0 51 1 
3461 16 0 132 0 
3462 66 1 107 0 
3463 19 1 52 0 
3464 72 1 96 1 
3465 67 0 70 1 
3466 36 0 105 1 
3467 9 0 123 1 
3468 34 0 125 1 
3469 24 0 106 0 
3470 38 0 115 1 
3471 79 1 88 0 
3472 39 0 82 1 
3473 13 1 14 0 
3474 14 0 41 1 
3475 14 0 124 1 
3476 14 0 96 1 
3477 39 0 110 0 
3478 0 0 83 1 
3479 53 0 116 0 
3480 25 1 119 0 
3481 26 0 65 0 
3482 9 0 65 0 
3483 65 0 88 0 
3484 65 0 111 1 
3485 37 1 129 0 
3486 34 0 41 1 
3487 33 0 34 0 
3488 118 0 131 0 
3489 24 0 88 0 
3490 24 0 54 0 
3491 18 0 24 0 
3492 44 1 70 1 
3493 44 1 117 0 
3494 18 0 96 1 
3495 6 1 94 1 
3496 39 0 128 1 
3497 40 0 63 0 
3498 40 0 66 1 
3499 40 0 78 1 
3500 40 0 127 1 
3501 40 0 106 0 
3502 12 0 128 1 
3503 71 0 115 1 
3504 8 1 115 1 
3505 50 1 64 0 
3506 69 0 124 1 
3507 68 1 107 0 
3508 107 0 130 1 
3509 58 0 107 0 
3510 92 0 107 0 
3511 40 0 107 0 
3512 41 1 65 0 
3513 70 1 128 1 
3514 93 1 100 1 
3515 55 0 123 1 
3516 123 1 127 1 
3517 58 0 123 1 
3518 9 0 52 0 
3519 28 0 52 0 
3520 23 1 57 1 
3521 29 1 115 1 
3522 37 1 41 1 
3523 15 0 132 0 
3524 27 1 127 1 
3525 60 1 127 1 
3526 107 0 127 1 
3527 92 0 127 1 
3528 44 1 46 0 
3529 85 1 128 1 
3530 9 0 85 1 
3531 41 1 92 0 
3532 65 0 124 1 
3533 64 0 124 1 
3534 0 0 124 1 
3535 17 0 124 1 
3536 23 1 72 1 
3537 5 0 104 0 
3538 24 0 73 0 
3539 21 1 114 0 
3540 13 1 110 0 
3541 42 1 69 0 
3542 69 0 82 1 
3543 4 1 128 1 
3544 4 1 20 0 
3545 4 1 61 1 
3546 4 1 54 0 
3547 16 0 33 0 
3548 22 1 115 1 
3549 21 1 104 0 
3550 21 1 56 0 
3551 92 0 112 0 
3552 18 0 38 0 
3553 83 1 117 0 
3554 97 1 128 1 
3555 28 0 36 0 
3556 49 1 100 1 
3557 49 1 102 1 
3558 30 0 49 1 
3559 83 1 126 1 
3560 83 1 118 0 
3561 110 0 121 0 
3562 59 0 77 1 
3563 3 0 9 0 
3564 30 0 50 1 
3565 92 0 129 0 
3566 102 1 115 1 
3567 10 0 87 1 
3568 47 0 87 1 
3569 50 1 75 0 
3570 38 0 85 1 
3571 50 1 65 0 
3572 70 1 122 0 
3573 11 0 71 0 
3574 25 1 71 0 
3575 71 0 77 1 
3576 71 0 129 0 
3577 4 1 94 1 
3578 94 1 135 1 
3579 81 0 117 0 
3580 10 0 111 1 
3581 34 0 117 0 
3582 34 0 115 1 
3583 1 0 65 0 
3584 85 1 113 0 
3585 58 0 75 0 
3586 57 1 73 0 
3587 27 1 51 1 
3588 2 1 51 1 
3589 51 1 74 0 
3590 51 1 65 0 
3591 15 0 36 0 
3592 31 1 127 1 
3593 14 0 31 1 
3594 88 0 96 1 
3595 8 1 98 1 
3596 48 1 65 0 
3597 24 0 45 1 
3598 31 1 70 1 
3599 8 1 70 1 
3600 62 0 70 1 
3601 4 1 114 0 
3602 29 1 131 0 
3603 29 1 77 1 
3604 16 0 60 1 
3605 16 0 68 1 
3606 16 0 75 0 
3607 16 0 31 1 
3608 16 0 123 1 
3609 52 0 106 0 
3610 30 0 97 1 
3611 28 0 92 0 
3612 28 0 57 1 
3613 28 0 65 0 
3614 29 1 96 1 
3615 46 0 54 0 
3616 19 1 33 0 
3617 33 0 43 0 
3618 21 1 132 0 
3619 33 0 116 0 
3620 22 1 70 1 
3621 1 0 42 1 
3622 1 0 81 0 
3623 1 0 114 0 
3624 2 1 5 0 
3625 2 1 43 0 
3626 2 1 95 1 
3627 2 1 115 1 
3628 28 0 33 0 
3629 51 1 116 0 
3630 119 0 131 0 
3631 31 1 112 0 
3632 60 1 124 1 
3633 39 0 44 1 
3634 72 1 80 0 
3635 62 0 80 0 
3636 26 0 38 0 
3637 3 0 38 0 
3638 30 0 60 1 
3639 89 1 112 0 
3640 66 1 86 0 
3641 2 1 86 0 
3642 53 0 86 0 
3643 85 1 86 0 
3644 86 0 124 1 
3645 22 1 64 0 
3646 51 1 117 0 
3647 30 0 98 1 
3648 57 1 97 1 
3649 32 1 67 0 
3650 23 1 114 0 
3651 46 0 97 1 
3652 47 0 97 1 
3653 97 1 124 1 
3654 97 1 100 1 
3655 93 1 119 0 
3656 29 1 70 1 
3657 15 0 29 1 
3658 9 0 104 0 
3659 9 0 100 1 
3660 9 0 62 0 
3661 9 0 49 1 
3662 9 0 82 1 
3663 102 1 112 0 
3664 45 1 112 0 
3665 69 0 112 0 
3666 13 1 113 0 
3667 12 0 112 0 
3668 61 1 114 0 
3669 31 1 36 0 
3670 52 0 71 0 
3671 71 0 126 1 
3672 80 0 126 1 
3673 80 0 132 0 
3674 73 0 80 0 
3675 1 0 38 0 
3676 1 0 35 1 
3677 1 0 93 1 
3678 10 0 108 0 
3679 6 1 10 0 
3680 35 1 97 1 
3681 36 0 83 1 
3682 51 1 109 0 
3683 31 1 132 0 
3684 96 1 127 1 
3685 103 0 104 0 
3686 23 1 104 0 
3687 96 1 104 0 
3688 38 0 104 0 
3689 5 0 28 0 
3690 49 1 87 1 
3691 59 0 115 1 
3692 5 0 67 0 
3693 63 0 70 1 
3694 54 0 96 1 
3695 80 0 94 1 
3696 57 1 80 0 
3697 74 0 80 0 
3698 49 1 113 0 
3699 42 1 119 0 
3700 113 0 125 1 
3701 35 1 113 0 
3702 0 0 113 0 
3703 12 0 113 0 
3704 113 0 119 0 
3705 113 0 114 0 
3706 113 0 121 0 
3707 12 0 41 1 
3708 16 0 117 0 
3709 16 0 77 1 
3710 9 0 16 0 
3711 61 1 116 0 
3712 48 1 116 0 
3713 38 0 77 1 
3714 24 0 79 1 
3715 24 0 26 0 
3716 24 0 90 0 
3717 52 0 112 0 
3718 110 0 112 0 
3719 112 0 122 0 
3720 111 1 112 0 
3721 112 0 123 1 
3722 46 0 86 0 
3723 6 1 46 0 
3724 96 1 108 0 
3725 16 0 23 1 
3726 56 0 100 1 
3727 56 0 70 1 
3728 115 1 119 0 
3729 5 0 125 1 
3730 1 0 124 1 
3731 1 0 6 1 
3732 1 0 85 1 
3733 50 1 72 1 
3734 30 0 94 1 
3735 25 1 30 0 
3736 30 0 102 1 
3737 30 0 114 0 
3738 2 1 30 0 
3739 30 0 116 0 
3740 40 0 129 0 
3741 64 0 92 0 
3742 55 0 57 1 
3743 90 0 126 1 
3744 47 0 52 0 
3745 7 0 115 1 
3746 61 1 115 1 
3747 96 1 115 1 
3748 111 1 115 1 
3749 115 1 120 0 
3750 55 0 98 1 
3751 54 0 101 1 
3752 29 1 57 1 
3753 62 0 77 1 
3754 6 1 9 0 
3755 93 1 95 1 
3756 96 1 105 1 
3757 24 0 96 1 
3758 5 0 96 1 
3759 63 0 96 1 
3760 45 1 63 0 
3761 37 1 117 0 
3762 5 0 120 0 
3763 0 0 57 1 
3764 43 0 118 0 
3765 85 1 118 0 
3766 27 1 118 0 
3767 4 1 118 0 
3768 44 1 118 0 
3769 26 0 101 1 
3770 52 0 101 1 
3771 36 0 61 1 
3772 36 0 81 0 
3773 36 0 86 0 
3774 112 0 118 0 
3775 34 0 39 0 
3776 97 1 120 0 
3777 10 0 58 0 
3778 61 1 93 1 
3779 16 0 93 1 
3780 22 1 93 1 
3781 25 1 93 1 
3782 58 0 93 1 
3783 29 1 31 1 
3784 54 0 110 0 
3785 54 0 130 1 
3786 36 0 54 0 
3787 54 0 98 1 
3788 54 0 86 0 
3789 1 0 54 0 
3790 23 1 54 0 
3791 70 1 78 1 
3792 7 0 92 0 
3793 20 0 65 0 
3794 20 0 126 1 
3795 31 1 88 0 
3796 20 0 88 0 
3797 83 1 88 0 
3798 88 0 131 0 
3799 13 1 34 0 
3800 36 0 49 1 
3801 36 0 72 1 
3802 36 0 103 0 
3803 10 0 75 0 
3804 36 0 129 0 
3805 79 1 121 0 
3806 79 1 112 0 
3807 14 0 79 1 
3808 69 0 79 1 
3809 47 0 79 1 
3810 120 0 124 1 
3811 27 1 52 0 
3812 18 0 27 1 
3813 60 1 107 0 
3814 13 1 109 0 
3815 19 1 93 1 
3816 120 0 128 1 
3817 27 1 120 0 
3818 73 0 120 0 
3819 8 1 51 1 
3820 42 1 56 0 
3821 27 1 122 0 
3822 47 0 107 0 
3823 1 0 53 0 
3824 28 0 108 0 
3825 44 1 51 1 
3826 44 1 106 0 
3827 29 1 60 1 
3828 102 1 109 0 
3829 34 0 109 0 
3830 34 0 86 0 
3831 26 0 94 1 
3832 53 0 63 0 
3833 45 1 91 0 
3834 97 1 105 1 
3835 60 1 105 1 
3836 19 1 105 1 
3837 83 1 105 1 
3838 105 1 127 1 
3839 10 0 64 0 
3840 9 0 38 0 
3841 25 1 48 1 
3842 48 1 56 0 
3843 48 1 72 1 
3844 48 1 69 0 
3845 67 0 123 1 
3846 70 1 105 1 
3847 10 0 99 0 
3848 5 0 27 1 
3849 82 1 101 1 
3850 15 0 128 1 
3851 2 1 34 0 
3852 46 0 118 0 
3853 29 1 128 1 
3854 10 0 113 0 
3855 38 0 120 0 
3856 79 1 98 1 
3857 67 0 107 0 
3858 10 0 38 0 
3859 63 0 120 0 
3860 83 1 114 0 
3861 41 1 72 1 
3862 42 1 63 0 
3863 42 1 51 1 
3864 20 0 94 1 
3865 42 1 76 1 
3866 42 1 93 1 
3867 33 0 130 1 
3868 38 0 69 0 
3869 6 1 41 1 
3870 27 1 82 1 
3871 16 0 62 0 
3872 43 0 93 1 
3873 84 1 93 1 
3874 38 0 108 0 
3875 77 1 128 1 
3876 77 1 115 1 
3877 58 0 77 1 
3878 18 0 122 0 
3879 38 0 87 1 
3880 7 0 75 0 
3881 31 1 94 1 
3882 22 1 31 1 
3883 31 1 126 1 
3884 27 1 31 1 
3885 24 0 31 1 
3886 31 1 64 0 
3887 49 1 84 1 
3888 108 0 126 1 
3889 54 0 62 0 
3890 12 0 109 0 
3891 12 0 31 1 
3892 3 0 12 0 
3893 12 0 95 1 
3894 44 1 73 0 
3895 95 1 123 1 
3896 28 0 67 0 
3897 93 1 109 0 
3898 87 1 113 0 
3899 41 1 67 0 
3900 6 1 36 0 
3901 51 1 100 1 
3902 6 1 70 1 
3903 88 0 125 1 
3904 13 1 88 0 
3905 85 1 88 0 
3906 71 0 88 0 
3907 88 0 104 0 
3908 10 0 42 1 
3909 30 0 64 0 
3910 12 0 126 1 
3911 15 0 44 1 
3912 44 1 45 1 
3913 44 1 62 0 
3914 44 1 109 0 
3915 37 1 44 1 
3916 67 0 113 0 
3917 24 0 93 1 
3918 78 1 97 1 
3919 92 0 117 0 
3920 13 1 120 0 
3921 6 1 120 0 
3922 32 1 120 0 
3923 22 1 53 0 
3924 50 1 95 1 
3925 40 0 50 1 
3926 12 0 50 1 
3927 69 0 99 0 
3928 10 0 122 0 
3929 72 1 116 0 
3930 34 0 61 1 
3931 57 1 79 1 
3932 45 1 79 1 
3933 61 1 123 1 
3934 92 0 123 1 
3935 7 0 109 0 
3936 7 0 8 1 
3937 7 0 99 0 
3938 7 0 132 0 
3939 68 1 101 1 
3940 58 0 101 1 
3941 22 1 30 0 
3942 30 0 100 1 
3943 26 0 30 0 
3944 30 0 73 0 
3945 14 0 87 1 
3946 25 1 67 0 
3947 67 0 99 0 
3948 103 0 107 0 
3949 23 1 36 0 
3950 44 1 66 1 
3951 8 1 60 1 
3952 60 1 67 0 
3953 85 1 104 0 
3954 50 1 123 1 
3955 34 0 92 0 
3956 79 1 101 1 
3957 14 0 99 0 
3958 39 0 131 0 
3959 105 1 116 0 
3960 4 1 6 1 
3961 66 1 132 0 
3962 96 1 117 0 
3963 2 1 117 0 
3964 100 1 125 1 
3965 59 0 79 1 
3966 34 0 59 0 
3967 15 0 52 0 
3968 32 1 103 0 
3969 105 1 112 0 
3970 77 1 112 0 
3971 112 0 125 1 
3972 112 0 132 0 
3973 46 0 66 1 
3974 46 0 133 1 
3975 46 0 84 1 
3976 20 0 46 0 
3977 71 0 116 0 
3978 5 0 16 0 
3979 3 0 16 0 
3980 16 0 88 0 
3981 71 0 119 0 
3982 7 0 110 0 
3983 59 0 64 0 
3984 26 0 100 1 
3985 69 0 126 1 
3986 15 0 33 0 
3987 19 1 88 0 
3988 78 1 116 0 
3989 34 0 38 0 
3990 63 0 100 1 
3991 52 0 94 1 
3992 39 0 52 0 
3993 22 1 60 1 
3994 57 1 63 0 
3995 60 1 129 0 
3996 3 0 129 0 
3997 64 0 129 0 
3998 25 1 112 0 
3999 66 1 70 1 
4000 70 1 81 0 
4001 71 0 110 0 
4002 35 1 117 0 
4003 72 1 110 0 
4004 22 1 120 0 
4005 46 0 127 1 
4006 52 0 73 0 
4007 23 1 96 1 
4008 84 1 127 1 
4009 63 0 84 1 
4010 8 1 76 1 
4011 18 0 55 0 
4012 15 0 70 1 
4013 7 0 35 1 
4014 35 1 91 0 
4015 35 1 69 0 
4016 35 1 98 1 
4017 71 0 130 1 
4018 71 0 86 0 
4019 67 0 90 0 
4020 12 0 120 0 
4021 8 1 23 1 
4022 15 0 109 0 
4023 1 0 19 1 
4024 114 0 124 1 
4025 8 1 22 1 
4026 82 1 110 0 
4027 58 0 59 0 
4028 5 0 122 0 
4029 100 1 130 1 
4030 0 0 8 1 
4031 109 0 126 1 
4032 66 1 109 0 
4033 6 1 109 0 
4034 74 0 109 0 
4035 109 0 121 0 
4036 64 0 80 0 
4037 64 0 126 1 
4038 44 1 64 0 
4039 63 0 64 0 
4040 64 0 74 0 
4041 14 0 117 0 
4042 31 1 128 1 
4043 43 0 90 0 
4044 35 1 40 0 
4045 30 0 118 0 
4046 7 0 86 0 
4047 38 0 117 0 
4048 33 0 87 1 
4049 98 1 129 0 
4050 52 0 66 1 
4051 60 1 121 0 
4052 38 0 125 1 
4053 0 0 125 1 
4054 31 1 125 1 
4055 98 1 125 1 
4056 99 0 125 1 
4057 110 0 125 1 
4058 36 0 125 1 
4059 50 1 61 1 
4060 105 1 126 1 
4061 45 1 126 1 
4062 10 0 126 1 
4063 93 1 126 1 
4064 126 1 129 0 
4065 93 1 110 0 
4066 42 1 77 1 
4067 20 0 69 0 
4068 87 1 88 0 
4069 75 0 98 1 
4070 105 1 130 1 
4071 28 0 31 1 
4072 28 0 72 1 
4073 28 0 111 1 
4074 4 1 103 0 
4075 2 1 18 0 
4076 87 1 117 0 
4077 92 0 110 0 
4078 17 0 92 0 
4079 15 0 92 0 
4080 2 1 92 0 
4081 0 0 70 1 
4082 94 1 128 1 
4083 58 0 61 1 
4084 5 0 58 0 
4085 19 1 128 1 
4086 59 0 110 0 
4087 108 0 111 1 
4088 81 0 123 1 
4089 7 0 27 1 
4090 15 0 71 0 
4091 1 0 28 0 
4092 114 0 121 0 
4093 29 1 114 0 
4094 33 0 115 1 
4095 39 0 127 1 
4096 20 0 82 1 
4097 82 1 104 0 
4098 5 0 78 1 
4099 43 0 67 0 
4100 50 1 100 1 
4101 4 1 15 0 
4102 10 0 103 0 
4103 50 1 84 1 
4104 9 0 73 0 
4105 73 0 118 0 
4106 38 0 80 0 
4107 7 0 82 1 
4108 1 0 118 0 
4109 75 0 126 1 
4110 75 0 132 0 
4111 5 0 14 0 
4112 72 1 101 1 
4113 78 1 82 1 
4114 21 1 130 1 
4115 5 0 31 1 
4116 33 0 124 1 
4117 13 1 79 1 
4118 79 1 86 0 
4119 18 0 89 1 
4120 67 0 110 0 
4121 32 1 124 1 
4122 82 1 87 1 
4123 119 0 132 0 
4124 41 1 111 1 
4125 36 0 75 0 
4126 54 0 122 0 
4127 15 0 82 1 
4128 30 0 87 1 
4129 123 1 129 0 
4130 18 0 123 1 
4131 50 1 128 1 
4132 92 0 96 1 
4133 46 0 111 1 
4134 53 0 81 0 
4135 13 1 104 0 
4136 57 1 72 1 
4137 57 1 75 0 
4138 17 0 100 1 
4139 58 0 67 0 
4140 85 1 119 0 
4141 18 0 75 0 
4142 18 0 69 0 
4143 20 0 84 1 
4144 70 1 107 0 
4145 70 1 99 0 
4146 19 1 61 1 
4147 116 0 119 0 
4148 8 1 96 1 
4149 8 1 50 1 
4150 8 1 19 1 
4151 8 1 40 0 
4152 8 1 39 0 
4153 43 0 57 1 
4154 57 1 83 1 
4155 53 0 70 1 
4156 1 0 40 0 
4157 82 1 83 1 
4158 9 0 41 1 
4159 3 0 118 0 
4160 30 0 88 0 
4161 126 1 132 0 
4162 3 0 112 0 
4163 94 1 105 1 
4164 84 1 113 0 
4165 52 0 64 0 
4166 68 1 113 0 
4167 15 0 68 1 
4168 124 1 128 1 
4169 20 0 93 1 
4170 93 1 98 1 
4171 48 1 85 1 
4172 16 0 85 1 
4173 30 0 85 1 
4174 85 1 111 1 
4175 85 1 114 0 
4176 73 0 79 1 
4177 35 1 77 1 
4178 50 1 108 0 
4179 92 0 118 0 
4180 23 1 117 0 
4181 62 0 110 0 
4182 29 1 44 1 
4183 75 0 105 1 
4184 105 1 124 1 
4185 33 0 94 1 
4186 82 1 92 0 
4187 58 0 92 0 
4188 49 1 81 0 
4189 92 0 108 0 
4190 99 0 126 1 
4191 6 1 71 0 
4192 24 0 71 0 
4193 20 0 71 0 
4194 30 0 71 0 
4195 18 0 108 0 
4196 1 0 126 1 
4197 5 0 22 1 
4198 22 1 92 0 
4199 22 1 119 0 
4200 47 0 69 0 
4201 77 1 130 1 
4202 13 1 77 1 
4203 28 0 46 0 
4204 50 1 62 0 
4205 17 0 42 1 
4206 23 1 67 0 
4207 10 0 69 0 
4208 102 1 123 1 
4209 17 0 50 1 
4210 83 1 130 1 
4211 120 0 130 1 
4212 53 0 130 1 
4213 23 1 130 1 
4214 109 0 127 1 
4215 82 1 127 1 
4216 73 0 109 0 
4217 77 1 99 0 
4218 24 0 89 1 
4219 23 1 24 0 
4220 13 1 93 1 
4221 18 0 103 0 
4222 66 1 116 0 
4223 14 0 69 0 
4224 4 1 69 0 
4225 69 0 86 0 
4226 2 1 19 1 
4227 8 1 71 0 
4228 87 1 104 0 
4229 30 0 56 0 
4230 14 0 94 1 
4231 28 0 88 0 
4232 47 0 94 1 
4233 67 0 125 1 
4234 47 0 83 1 
4235 49 1 77 1 
4236 23 1 124 1 
4237 0 0 102 1 
4238 16 0 25 1 
4239 8 1 64 0 
4240 39 0 88 0 
4241 22 1 118 0 
4242 29 1 83 1 
4243 64 0 120 0 
4244 34 0 55 0 
4245 52 0 100 1 
4246 52 0 121 0 
4247 42 1 90 0 
4248 26 0 42 1 
4249 3 0 42 1 
4250 15 0 42 1 
4251 1 0 61 1 
4252 34 0 95 1 
4253 34 0 54 0 
4254 54 0 118 0 
4255 29 1 74 0 
4256 10 0 129 0 
4257 58 0 81 0 
4258 58 0 82 1 
4259 47 0 119 0 
4260 8 1 85 1 
4261 45 1 116 0 
4262 45 1 119 0 
4263 7 0 21 1 
4264 36 0 97 1 
4265 37 1 120 0 
4266 58 0 118 0 
4267 41 1 118 0 
4268 17 0 65 0 
4269 28 0 106 0 
4270 49 1 50 1 
4271 39 0 91 0 
4272 82 1 124 1 
4273 111 1 124 1 
4274 37 1 61 1 
4275 12 0 16 0 
4276 90 0 112 0 
4277 62 0 111 1 
4278 10 0 54 0 
4279 54 0 109 0 
4280 52 0 99 0 
4281 41 1 58 0 
4282 33 0 69 0 
4283 83 1 99 0 
4284 94 1 97 1 
4285 15 0 72 1 
4286 43 0 77 1 
4287 46 0 109 0 
4288 46 0 74 0 
4289 29 1 41 1 
4290 114 0 122 0 
4291 82 1 96 1 
4292 82 1 102 1 
4293 82 1 120 0 
4294 3 0 66 1 
4295 9 0 81 0 
4296 80 0 96 1 
4297 96 1 116 0 
4298 96 1 121 0 
4299 0 0 96 1 
4300 68 1 132 0 
4301 98 1 132 0 
4302 71 0 132 0 
4303 84 1 132 0 
4304 21 1 30 0 
4305 68 1 124 1 
4306 103 0 124 1 
4307 39 0 43 0 
4308 39 0 46 0 
4309 5 0 38 0 
4310 42 1 117 0 
4311 13 1 117 0 
4312 33 0 93 1 
4313 22 1 109 0 
4314 25 1 109 0 
4315 109 0 120 0 
4316 99 0 109 0 
4317 14 0 109 0 
4318 13 1 75 0 
4319 38 0 124 1 
4320 38 0 79 1 
4321 38 0 99 0 
4322 39 0 49 1 
4323 25 1 27 1 
4324 29 1 109 0 
4325 40 0 108 0 
4326 36 0 98 1 
4327 40 0 47 0 
4328 26 0 68 1 
4329 37 1 115 1 
4330 12 0 88 0 
4331 100 1 111 1 
4332 38 0 93 1 
4333 84 1 106 0 
4334 37 1 119 0 
4335 45 1 108 0 
4336 45 1 124 1 
4337 34 0 45 1 
4338 18 0 58 0 
4339 58 0 125 1 
4340 40 0 132 0 
4341 96 1 97 1 
4342 50 1 119 0 
4343 98 1 130 1 
4344 40 0 130 1 
4345 26 0 124 1 
4346 123 1 124 1 
4347 34 0 100 1 
4348 46 0 107 0 
4349 29 1 94 1 
4350 38 0 97 1 
4351 73 0 97 1 
4352 13 1 100 1 
4353 100 1 121 0 
4354 40 0 100 1 
4355 29 1 85 1 
4356 13 1 26 0 
4357 13 1 80 0 
4358 13 1 127 1 
4359 2 1 13 1 
4360 19 1 73 0 
4361 35 1 50 1 
4362 8 1 41 1 
4363 64 0 72 1 
4364 72 1 114 0 
4365 77 1 85 1 
4366 47 0 67 0 
4367 48 1 97 1 
4368 69 0 97 1 
4369 59 0 122 0 
4370 43 0 125 1 
4371 43 0 82 1 
4372 43 0 85 1 
4373 13 1 28 0 
4374 28 0 105 1 
4375 28 0 64 0 
4376 29 1 53 0 
4377 20 0 51 1 
4378 67 0 120 0 
4379 30 0 35 1 
4380 42 1 115 1 
4381 29 1 126 1 
4382 40 0 110 0 
4383 19 1 80 0 
4384 19 1 111 1 
4385 19 1 36 0 
4386 8 1 80 0 
4387 29 1 37 1 
4388 29 1 108 0 
4389 29 1 67 0 
4390 42 1 83 1 
4391 39 0 81 0 
4392 39 0 61 1 
4393 39 0 120 0 
4394 45 1 48 1 
4395 45 1 62 0 
4396 45 1 83 1 
4397 118 0 125 1 
4398 10 0 20 0 
4399 23 1 127 1 
4400 66 1 115 1 
4401 75 0 116 0 
4402 46 0 85 1 
4403 126 1 127 1 
4404 19 1 83 1 
4405 35 1 46 0 
4406 17 0 95 1 
4407 42 1 67 0 
4408 67 0 109 0 
4409 26 0 34 0 
4410 27 1 34 0 
4411 34 0 88 0 
4412 8 1 42 1 
4413 78 1 91 0 
4414 83 1 85 1 
4415 21 1 55 0 
4416 50 1 66 1 
4417 41 1 121 0 
4418 45 1 75 0 
4419 114 0 126 1 
4420 17 0 57 1 
4421 41 1 129 0 
4422 90 0 96 1 
4423 9 0 88 0 
4424 31 1 79 1 
4425 51 1 101 1 
4426 45 1 96 1 
4427 67 0 131 0 
4428 35 1 107 0 
4429 111 1 130 1 
4430 49 1 125 1 
4431 20 0 41 1 
4432 79 1 108 0 
4433 30 0 99 0 
4434 52 0 65 0 
4435 82 1 114 0 
4436 37 1 93 1 
4437 54 0 124 1 
4438 36 0 77 1 
4439 52 0 90 0 
4440 32 1 87 1 
4441 59 0 75 0 
4442 105 1 129 0 
4443 71 0 102 1 
4444 103 0 129 0 
4445 64 0 123 1 
4446 62 0 69 0 
4447 62 0 109 0 
4448 55 0 80 0 
4449 80 0 115 1 
4450 25 1 80 0 
4451 6 1 116 0 
4452 20 0 72 1 
4453 52 0 56 0 
4454 65 0 84 1 
4455 53 0 84 1 
4456 82 1 84 1 
4457 63 0 127 1 
4458 11 0 94 1 
4459 84 1 122 0 
4460 43 0 66 1 
4461 66 1 129 0 
4462 106 0 132 0 
4463 125 1 129 0 
4464 22 1 81 0 
4465 51 1 113 0 
4466 44 1 78 1 
4467 23 1 44 1 
4468 14 0 44 1 
4469 0 0 44 1 
4470 21 1 63 0 
4471 1 0 41 1 
4472 5 0 68 1 
4473 54 0 120 0 
4474 14 0 84 1 
4475 117 0 128 1 
4476 46 0 49 1 
4477 56 0 82 1 
4478 27 1 65 0 
4479 10 0 45 1 
4480 63 0 114 0 
4481 21 1 33 0 
4482 0 0 90 0 
4483 23 1 128 1 
4484 103 0 113 0 
4485 27 1 101 1 
4486 107 0 128 1 
4487 32 1 130 1 
4488 52 0 79 1 
4489 62 0 120 0 
4490 118 0 128 1 
4491 86 0 118 0 
4492 10 0 50 1 
4493 5 0 98 1 
4494 20 0 98 1 
4495 23 1 75 0 
4496 38 0 95 1 
4497 38 0 127 1 
4498 38 0 88 0 
4499 86 0 119 0 
4500 0 0 105 1 
4501 74 0 124 1 
4502 29 1 40 0 
4503 0 0 29 1 
4504 29 1 93 1 
4505 21 1 116 0 
4506 101 1 124 1 
4507 15 0 56 0 
4508 23 1 56 0 
4509 56 0 110 0 
4510 77 1 79 1 
4511 3 0 105 1 
4512 16 0 122 0 
4513 114 0 130 1 
4514 65 0 114 0 
4515 114 0 120 0 
4516 40 0 114 0 
4517 111 1 114 0 
4518 85 1 107 0 
4519 83 1 101 1 
4520 28 0 51 1 
4521 9 0 80 0 
4522 16 0 61 1 
4523 40 0 120 0 
4524 40 0 77 1 
4525 40 0 62 0 
4526 40 0 83 1 
4527 39 0 80 0 
4528 39 0 107 0 
4529 39 0 62 0 
4530 25 1 113 0 
4531 84 1 85 1 
4532 10 0 77 1 
4533 41 1 46 0 
4534 26 0 37 1 
4535 105 1 120 0 
4536 31 1 42 1 
4537 30 0 84 1 
4538 30 0 58 0 
4539 87 1 99 0 
4540 56 0 66 1 
4541 56 0 88 0 
4542 31 1 124 1 
4543 0 0 24 0 
4544 28 0 83 1 
4545 15 0 74 0 
4546 35 1 82 1 
4547 83 1 125 1 
4548 18 0 130 1 
4549 10 0 104 0 
4550 63 0 66 1 
4551 11 0 72 1 
4552 64 0 106 0 
4553 20 0 120 0 
4554 69 0 120 0 
4555 40 0 41 1 
4556 41 1 116 0 
4557 41 1 86 0 
4558 10 0 82 1 
4559 26 0 82 1 
4560 42 1 114 0 
4561 16 0 114 0 
4562 15 0 98 1 
4563 98 1 99 0 
4564 3 0 110 0 
4565 16 0 32 1 
4566 27 1 53 0 
4567 82 1 86 0 
4568 5 0 19 1 
4569 67 0 118 0 
4570 15 0 130 1 
4571 82 1 115 1 
4572 50 1 105 1 
4573 28 0 89 1 
4574 8 1 34 0 
4575 11 0 122 0 
4576 18 0 39 0 
4577 39 0 67 0 
4578 0 0 33 0 
4579 33 0 114 0 
4580 49 1 126 1 
4581 6 1 113 0 
4582 14 0 83 1 
4583 14 0 64 0 
4584 14 0 132 0 
4585 14 0 91 0 
4586 19 1 108 0 
4587 53 0 77 1 
4588 27 1 32 1 
4589 27 1 90 0 
4590 8 1 17 0 
4591 46 0 83 1 
4592 3 0 87 1 
4593 8 1 87 1 
4594 29 1 87 1 
4595 105 1 110 0 
4596 8 1 114 0 
4597 73 0 87 1 
4598 2 1 87 1 
4599 22 1 117 0 
4600 45 1 82 1 
4601 37 1 96 1 
4602 33 0 96 1 
4603 57 1 96 1 
4604 71 0 76 1 
4605 43 0 124 1 
4606 43 0 62 0 
4607 25 1 96 1 
4608 19 1 121 0 
4609 103 0 117 0 
4610 92 0 132 0 
4611 24 0 115 1 
4612 79 1 84 1 
4613 112 0 121 0 
4614 17 0 90 0 
4615 67 0 103 0 
4616 103 0 131 0 
4617 103 0 122 0 
4618 103 0 127 1 
4619 53 0 115 1 
4620 30 0 53 0 
4621 53 0 123 1 
4622 28 0 107 0 
4623 48 1 117 0 
4624 16 0 104 0 
4625 48 1 126 1 
4626 101 1 126 1 
4627 30 0 126 1 
4628 22 1 54 0 
4629 58 0 129 0 
4630 64 0 93 1 
4631 23 1 30 0 
4632 76 1 118 0 
4633 105 1 118 0 
4634 69 0 118 0 
4635 8 1 74 0 
4636 28 0 126 1 
4637 28 0 58 0 
4638 47 0 58 0 
4639 56 0 85 1 
4640 68 1 112 0 
4641 21 1 103 0 
4642 37 1 65 0 
4643 115 1 127 1 
4644 41 1 127 1 
4645 77 1 126 1 
4646 59 0 83 1 
4647 19 1 42 1 
4648 60 1 114 0 
4649 87 1 102 1 
4650 111 1 117 0 
4651 104 0 117 0 
4652 51 1 52 0 
4653 51 1 130 1 
4654 51 1 84 1 
4655 12 0 51 1 
4656 5 0 39 0 
4657 29 1 34 0 
4658 94 1 111 1 
4659 57 1 111 1 
4660 68 1 120 0 
4661 111 1 120 0 
4662 7 0 41 1 
4663 100 1 129 0 
4664 70 1 93 1 
4665 78 1 103 0 
4666 70 1 103 0 
4667 72 1 129 0 
4668 72 1 92 0 
4669 20 0 60 1 
4670 20 0 127 1 
4671 83 1 107 0 
4672 14 0 16 0 
4673 93 1 113 0 
4674 36 0 90 0 
4675 36 0 126 1 
4676 11 0 36 0 
4677 27 1 36 0 
4678 61 1 86 0 
4679 1 0 20 0 
4680 4 1 27 1 
4681 29 1 79 1 
4682 31 1 32 1 
4683 77 1 131 0 
4684 22 1 83 1 
4685 18 0 110 0 
4686 4 1 82 1 
4687 4 1 71 0 
4688 34 0 85 1 
4689 85 1 92 0 
4690 21 1 23 1 
4691 21 1 73 0 
4692 42 1 97 1 
4693 94 1 104 0 
4694 34 0 104 0 
4695 4 1 104 0 
4696 45 1 104 0 
4697 104 0 132 0 
4698 3 0 20 0 
4699 94 1 99 0 
4700 17 0 99 0 
4701 36 0 118 0 
4702 26 0 36 0 
4703 24 0 101 1 
4704 64 0 97 1 
4705 111 1 119 0 
4706 119 0 122 0 
4707 72 1 108 0 
4708 41 1 45 1 
4709 1 0 130 1 
4710 1 0 115 1 
4711 1 0 92 0 
4712 20 0 113 0 
4713 1 0 5 0 
4714 1 0 131 0 
4715 51 1 110 0 
4716 6 1 33 0 
4717 1 0 16 0 
4718 4 1 74 0 
4719 8 1 25 1 
4720 50 1 82 1 
4721 127 1 132 0 
4722 64 0 79 1 
4723 18 0 60 1 
4724 94 1 129 0 
4725 39 0 77 1 
4726 5 0 41 1 
4727 110 0 128 1 
4728 84 1 87 1 
4729 7 0 37 1 
4730 95 1 100 1 
4731 34 0 44 1 
4732 51 1 81 0 
4733 75 0 123 1 
4734 40 0 58 0 
4735 2 1 40 0 
4736 25 1 90 0 
4737 53 0 122 0 
4738 5 0 64 0 
4739 20 0 37 1 
4740 7 0 101 1 
4741 16 0 54 0 
4742 61 1 73 0 
4743 32 1 96 1 
4744 86 0 96 1 
4745 106 0 128 1 
4746 111 1 128 1 
4747 3 0 128 1 
4748 2 1 21 1 
4749 85 1 96 1 
4750 96 1 101 1 
4751 63 0 80 0 
4752 15 0 114 0 
4753 22 1 114 0 
4754 100 1 109 0 
4755 69 0 90 0 
4756 72 1 112 0 
4757 21 1 68 1 
4758 29 1 30 0 
4759 16 0 95 1 
4760 43 0 59 0 
4761 18 0 59 0 
4762 105 1 117 0 
4763 37 1 73 0 
4764 6 1 115 1 
4765 15 0 104 0 
4766 53 0 75 0 
4767 9 0 22 1 
4768 7 0 94 1 
4769 49 1 105 1 
4770 12 0 110 0 
4771 69 0 131 0 
4772 59 0 127 1 
4773 59 0 119 0 
4774 1 0 25 1 
4775 15 0 66 1 
4776 122 0 128 1 
4777 24 0 128 1 
4778 50 1 78 1 
4779 39 0 45 1 
4780 76 1 112 0 
4781 27 1 45 1 
4782 85 1 117 0 
4783 18 0 68 1 
4784 67 0 75 0 
4785 74 0 132 0 
4786 18 0 132 0 
4787 84 1 125 1 
4788 3 0 14 0 
4789 27 1 107 0 
4790 82 1 85 1 
4791 43 0 119 0 
4792 20 0 109 0 
4793 20 0 23 1 
4794 57 1 110 0 
4795 13 1 29 1 
4796 65 0 96 1 
4797 26 0 28 0 
4798 43 0 132 0 
4799 101 1 118 0 
4800 118 0 132 0 
4801 93 1 118 0 
4802 10 0 73 0 
4803 4 1 10 0 
4804 6 1 108 0 
4805 61 1 99 0 
4806 6 1 85 1 
4807 3 0 95 1 
4808 47 0 100 1 
4809 80 0 86 0 
4810 17 0 82 1 
4811 17 0 33 0 
4812 17 0 111 1 
4813 17 0 43 0 
4814 17 0 36 0 
4815 5 0 54 0 
4816 36 0 58 0 
4817 39 0 75 0 
4818 28 0 35 1 
4819 12 0 34 0 
4820 34 0 83 1 
4821 15 0 79 1 
4822 10 0 68 1 
4823 62 0 103 0 
4824 15 0 22 1 
4825 68 1 110 0 
4826 23 1 84 1 
4827 94 1 95 1 
4828 81 0 103 0 
4829 5 0 83 1 
4830 83 1 116 0 
4831 97 1 110 0 
4832 70 1 86 0 
4833 68 1 95 1 
4834 19 1 57 1 
4835 57 1 62 0 
4836 99 0 119 0 
4837 77 1 123 1 
4838 1 0 34 0 
4839 78 1 96 1 
4840 1 0 96 1 
4841 73 0 90 0 
4842 15 0 37 1 
4843 6 1 15 0 
4844 78 1 117 0 
4845 84 1 94 1 
4846 66 1 90 0 
4847 6 1 58 0 
4848 63 0 110 0 
4849 7 0 32 1 
4850 39 0 123 1 
4851 20 0 77 1 
4852 64 0 119 0 
4853 77 1 107 0 
4854 50 1 107 0 
4855 108 0 129 0 
4856 71 0 118 0 
4857 19 1 129 0 
4858 26 0 57 1 
4859 53 0 108 0 
4860 44 1 120 0 
4861 50 1 93 1 
4862 46 0 48 1 
4863 74 0 75 0 
4864 118 0 122 0 
4865 43 0 54 0 
4866 23 1 119 0 
4867 28 0 42 1 
4868 28 0 81 0 
4869 100 1 106 0 
4870 4 1 116 0 
4871 83 1 111 1 
4872 59 0 71 0 
4873 29 1 132 0 
4874 1 0 132 0 
4875 12 0 14 0 
4876 15 0 31 1 
4877 57 1 113 0 
4878 0 0 65 0 
4879 4 1 8 1 
4880 4 1 113 0 
4881 32 1 117 0 
4882 107 0 117 0 
4883 13 1 72 1 
4884 65 0 70 1 
4885 60 1 65 0 
4886 7 0 65 0 
4887 18 0 98 1 
4888 18 0 46 0 
4889 19 1 20 0 
4890 125 1 127 1 
4891 46 0 80 0 
4892 10 0 78 1 
4893 50 1 122 0 
4894 13 1 119 0 
4895 29 1 61 1 
4896 49 1 67 0 
4897 13 1 46 0 
4898 57 1 100 1 
4899 61 1 113 0 
4900 18 0 121 0 
4901 23 1 41 1 
4902 21 1 91 0 
4903 20 0 22 1 
4904 20 0 91 0 
4905 10 0 85 1 
4906 120 0 132 0 
4907 64 0 70 1 
4908 27 1 112 0 
4909 34 0 68 1 
4910 80 0 119 0 
4911 18 0 92 0 
4912 29 1 50 1 
4913 71 0 106 0 
4914 47 0 91 0 
4915 19 1 122 0 
4916 108 0 109 0 
4917 35 1 108 0 
4918 73 0 88 0 
4919 21 1 32 1 
4920 1 0 13 1 
4921 69 0 77 1 
4922 73 0 85 1 
4923 56 0 73 0 
4924 53 0 73 0 
4925 30 0 82 1 
4926 84 1 103 0 
4927 21 1 94 1 
4928 21 1 128 1 
4929 65 0 102 1 
4930 57 1 60 1 
4931 26 0 35 1 
4932 51 1 123 1 
4933 27 1 72 1 
4934 18 0 64 0 
4935 19 1 27 1 
4936 13 1 27 1 
4937 27 1 130 1 
4938 40 0 125 1 
4939 72 1 90 0 
4940 28 0 74 0 
4941 104 0 110 0 
4942 115 1 128 1 
4943 85 1 90 0 
4944 16 0 87 1 
4945 30 0 110 0 
4946 129 0 132 0 
4947 51 1 132 0 
4948 69 0 85 1 
4949 19 1 113 0 
4950 54 0 66 1 
4951 95 1 126 1 
4952 28 0 112 0 
4953 43 0 88 0 
4954 28 0 130 1 
4955 74 0 130 1 
4956 0 0 5 0 
4957 32 1 57 1 
4958 7 0 43 0 
4959 7 0 25 1 
4960 7 0 108 0 
4961 15 0 75 0 
4962 64 0 88 0 
4963 7 0 54 0 
4964 80 0 82 1 
4965 37 1 82 1 
4966 47 0 63 0 
4967 84 1 109 0 
4968 87 1 131 0 
4969 49 1 103 0 
4970 22 1 86 0 
4971 69 0 106 0 
4972 31 1 100 1 
4973 15 0 90 0 
4974 15 0 73 0 
4975 18 0 31 1 
4976 20 0 118 0 
4977 31 1 118 0 
4978 40 0 118 0 
4979 17 0 49 1 
4980 49 1 69 0 
4981 76 1 127 1 
4982 5 0 29 1 
4983 35 1 92 0 
4984 1 0 2 1 
4985 54 0 78 1 
4986 54 0 61 1 
4987 76 1 109 0 
4988 105 1 123 1 
4989 108 0 124 1 
4990 24 0 68 1 
4991 24 0 111 1 
4992 24 0 107 0 
4993 1 0 108 0 
4994 23 1 28 0 
4995 46 0 110 0 
4996 106 0 124 1 
4997 64 0 111 1 
4998 2 1 33 0 
4999 12 0 116 0 
5000 29 1 38 0 
5001 38 0 83 1 
5002 20 0 55 0 
5003 64 0 104 0 
5004 15 0 126 1 
5005 47 0 111 1 
5006 6 1 51 1 
5007 7 0 95 1 
5008 58 0 85 1 
5009 39 0 66 1 
5010 54 0 79 1 
5011 31 1 71 0 
5012 93 1 112 0 
5013 42 1 92 0 
5014 52 0 93 1 
5015 21 1 31 1 
5016 116 0 129 0 
5017 90 0 95 1 
5018 41 1 71 0 
5019 96 1 98 1 
5020 19 1 127 1 
5021 21 1 84 1 
5022 1 0 3 0 
5023 42 1 85 1 
5024 19 1 130 1 
5025 19 1 87 1 
5026 79 1 132 0 
5027 51 1 56 0 
5028 25 1 77 1 
5029 30 0 113 0 
5030 32 1 43 0 
5031 26 0 85 1 
5032 26 0 118 0 
5033 10 0 128 1 
5034 10 0 12 0 
5035 27 1 78 1 
5036 67 0 98 1 
5037 88 0 102 1 
5038 39 0 95 1 
5039 78 1 112 0 
5040 9 0 69 0 
5041 47 0 113 0 
5042 5 0 60 1 
5043 58 0 103 0 
5044 26 0 123 1 
5045 15 0 77 1 
5046 19 1 50 1 
5047 82 1 112 0 
5048 3 0 46 0 
5049 9 0 39 0 
5050 14 0 66 1 
5051 14 0 131 0 
5052 41 1 63 0 
5053 113 0 124 1 
5054 23 1 46 0 
5055 47 0 72 1 
5056 75 0 78 1 
5057 58 0 79 1 
5058 37 1 62 0 
5059 5 0 128 1 
5060 29 1 103 0 
5061 44 1 86 0 
5062 42 1 127 1 
5063 21 1 61 1 
5064 60 1 98 1 
5065 91 0 123 1 
5066 27 1 92 0 
5067 29 1 81 0 
5068 29 1 100 1 
5069 88 0 98 1 
5070 57 1 108 0 
5071 60 1 112 0 
5072 60 1 75 0 
5073 9 0 60 1 
5074 60 1 73 0 
5075 71 0 95 1 
5076 71 0 103 0 
5077 35 1 59 0 
5078 113 0 118 0 
5079 19 1 79 1 
5080 24 0 118 0 
5081 38 0 130 1 
5082 18 0 111 1 
5083 18 0 47 0 
5084 37 1 83 1 
5085 46 0 72 1 
5086 86 0 98 1 
5087 0 0 82 1 
5088 96 1 132 0 
5089 39 0 85 1 
5090 48 1 94 1 
5091 95 1 109 0 
5092 33 0 131 0 
5093 1 0 90 0 
5094 9 0 75 0 
5095 8 1 110 0 
5096 19 1 96 1 
5097 21 1 102 1 
5098 19 1 21 1 
5099 16 0 35 1 
5100 41 1 47 0 
5101 60 1 87 1 
5102 111 1 113 0 
5103 26 0 130 1 
5104 3 0 26 0 
5105 35 1 54 0 
5106 35 1 74 0 
5107 45 1 55 0 
5108 38 0 56 0 
5109 35 1 81 0 
5110 42 1 110 0 
5111 33 0 38 0 
5112 42 1 116 0 
5113 37 1 126 1 
5114 19 1 126 1 
5115 0 0 47 0 
5116 46 0 78 1 
5117 37 1 53 0 
5118 37 1 123 1 
5119 37 1 64 0 
5120 5 0 21 1 
5121 41 1 113 0 
5122 51 1 66 1 
5123 35 1 63 0 
5124 1 0 51 1 
5125 94 1 119 0 
5126 77 1 108 0 
5127 20 0 53 0 
5128 37 1 104 0 
5129 40 0 88 0 
5130 51 1 121 0 
5131 43 0 97 1 
5132 17 0 113 0 
5133 63 0 95 1 
5134 88 0 95 1 
5135 89 1 100 1 
5136 28 0 100 1 
5137 43 0 75 0 
5138 36 0 115 1 
5139 78 1 113 0 
5140 109 0 128 1 
5141 27 1 68 1 
5142 10 0 106 0 
5143 48 1 106 0 
5144 65 0 93 1 
5145 86 0 121 0 
5146 107 0 109 0 
5147 96 1 126 1 
5148 77 1 82 1 
5149 111 1 116 0 
5150 42 1 125 1 
5151 56 0 106 0 
5152 32 1 86 0 
5153 31 1 46 0 
5154 19 1 66 1 
5155 7 0 38 0 
5156 10 0 21 1 
5157 38 0 118 0 
5158 8 1 49 1 
5159 19 1 41 1 
5160 99 0 110 0 
5161 4 1 117 0 
5162 50 1 104 0 
5163 13 1 60 1 
5164 31 1 97 1 
5165 46 0 130 1 
5166 100 1 122 0 
5167 61 1 68 1 
5168 22 1 23 1 
5169 69 0 109 0 
5170 8 1 43 0 
5171 81 0 82 1 
5172 64 0 75 0 
5173 19 1 99 0 
5174 2 1 68 1 
